rfam_family	seq_count	noncanonical_count	canonical_count
RF00001	140644	837	139807
RF00002	4940	54	4886
RF00003	11696	85	11611
RF00004	16770	163	16607
RF00005	1430083	1800	1428283
RF00006	637	0	637
RF00007	593	3	590
RF00008	325	0	325
RF00009	1353	19	1334
RF00010	6481	67	6414
RF00011	790	2	788
RF00012	4011	24	3987
RF00013	3786	3	3783
RF00014	40	0	40
RF00015	8462	22	8440
RF00016	1200	8	1192
RF00017	42477	1084	41393
RF00018	292	1	291
RF00019	8625	5	8620
RF00020	7704	40	7664
RF00021	208	0	208
RF00022	234	0	234
RF00023	6693	67	6626
RF00024	114	5	109
RF00025	24	0	24
RF00026	47589	200	47389
RF00027	1479	0	1479
RF00028	2611	22	2589
RF00029	15729	64	15665
RF00030	1128	9	1119
RF00031	672	1	671
RF00032	30503	45	30458
RF00033	42	0	42
RF00034	98	0	98
RF00035	17	0	17
RF00036	85	1	84
RF00037	1909	1	1908
RF00038	12	0	12
RF00039	8	0	8
RF00040	111	0	111
RF00041	60	0	60
RF00042	63	0	63
RF00043	11	0	11
RF00044	5	0	5
RF00045	579	4	575
RF00046	225	0	225
RF00047	490	0	490
RF00048	61	0	61
RF00049	898	2	896
RF00050	4223	23	4200
RF00051	1003	0	1003
RF00052	30	0	30
RF00053	525	1	524
RF00054	386	0	386
RF00055	397	0	397
RF00056	424	3	421
RF00057	287	0	287
RF00058	15	0	15
RF00059	10206	12	10194
RF00060	11	0	11
RF00061	55	5	50
RF00062	18	0	18
RF00063	16	0	16
RF00064	19	0	19
RF00065	11	0	11
RF00066	2980	4	2976
RF00067	287	1	286
RF00068	103	0	103
RF00069	795	0	795
RF00070	124	2	122
RF00071	178	0	178
RF00072	106	1	105
RF00073	486	0	486
RF00074	533	0	533
RF00075	918	0	918
RF00076	346	0	346
RF00077	14	0	14
RF00078	130	0	130
RF00079	169	1	168
RF00080	832	2	830
RF00081	70	0	70
RF00082	127	0	127
RF00083	121	0	121
RF00084	42	0	42
RF00085	88	0	88
RF00086	79	1	78
RF00087	87	0	87
RF00088	98	1	97
RF00089	248	0	248
RF00090	274	1	273
RF00091	398	2	396
RF00092	241	0	241
RF00093	671	2	669
RF00094	40	2	38
RF00095	49	0	49
RF00096	430	2	428
RF00097	60610	71	60539
RF00099	255	2	253
RF00100	15277	227	15050
RF00101	198	0	198
RF00102	135	3	132
RF00103	561	0	561
RF00104	763	0	763
RF00105	1216	0	1216
RF00106	151	0	151
RF00107	17	0	17
RF00108	857	2	855
RF00109	179	0	179
RF00110	123	0	123
RF00111	239	1	238
RF00112	105	0	105
RF00113	54	0	54
RF00114	632	0	632
RF00115	17	0	17
RF00116	9	0	9
RF00117	10	0	10
RF00118	56	0	56
RF00119	7	0	7
RF00121	22	0	22
RF00122	7	0	7
RF00124	9	0	9
RF00125	7	0	7
RF00126	32	0	32
RF00127	801	0	801
RF00128	130	1	129
RF00129	420	0	420
RF00130	202	1	201
RF00131	624	0	624
RF00132	521	0	521
RF00133	559	2	557
RF00134	324	0	324
RF00135	394	0	394
RF00136	107	0	107
RF00137	259	1	258
RF00138	224	4	220
RF00139	363	2	361
RF00140	562	0	562
RF00142	251	0	251
RF00143	77	0	77
RF00144	367	0	367
RF00145	247	2	245
RF00147	457	1	456
RF00149	1469	2	1467
RF00150	179	0	179
RF00151	455	2	453
RF00152	151	1	150
RF00153	166	1	165
RF00154	150	0	150
RF00155	252	1	251
RF00156	1333	8	1325
RF00157	202	0	202
RF00158	141	2	139
RF00159	59	0	59
RF00160	555	1	554
RF00161	15	1	14
RF00162	6161	4	6157
RF00163	190679	621	190058
RF00164	45	1	44
RF00165	55	0	55
RF00166	139	2	137
RF00167	2660	2	2658
RF00168	2261	1	2260
RF00169	4719	10	4709
RF00170	22	0	22
RF00171	17	1	16
RF00172	98	0	98
RF00173	6	0	6
RF00174	14022	49	13973
RF00175	87	2	85
RF00176	21	0	21
RF00177	22178	699	21479
RF00178	252	0	252
RF00179	40	0	40
RF00180	49	0	49
RF00181	1426	0	1426
RF00182	21	0	21
RF00183	53	0	53
RF00184	5	0	5
RF00185	88	0	88
RF00186	140	1	139
RF00187	99	0	99
RF00188	317	1	316
RF00189	65	1	64
RF00190	317	0	317
RF00191	546	1	545
RF00192	6	0	6
RF00193	10	0	10
RF00194	28	1	27
RF00195	82	0	82
RF00196	7	0	7
RF00198	971	0	971
RF00199	375	1	374
RF00200	423	0	423
RF00201	382	1	381
RF00202	238	0	238
RF00203	330	0	330
RF00204	401	0	401
RF00205	178	0	178
RF00206	284	1	283
RF00207	17	0	17
RF00208	32	0	32
RF00209	26	0	26
RF00210	102	0	102
RF00211	321	1	320
RF00212	277	0	277
RF00213	734	0	734
RF00214	120	2	118
RF00215	29	0	29
RF00216	58	0	58
RF00217	114	1	113
RF00218	136	0	136
RF00220	12	0	12
RF00221	83	0	83
RF00222	70	1	69
RF00223	76	0	76
RF00224	23	3	20
RF00225	8	0	8
RF00226	68	3	65
RF00227	13	0	13
RF00228	24	0	24
RF00229	101	9	92
RF00230	12315	19	12296
RF00231	160	1	159
RF00232	42	0	42
RF00233	51	1	50
RF00234	943	3	940
RF00235	9	0	9
RF00236	31	0	31
RF00237	615	0	615
RF00238	78	0	78
RF00239	459	2	457
RF00240	92	1	91
RF00241	702	0	702
RF00242	33	0	33
RF00243	14	0	14
RF00244	425	0	425
RF00245	485	0	485
RF00246	367	0	367
RF00247	518	0	518
RF00248	261	0	261
RF00249	213	0	213
RF00250	73	1	72
RF00251	356	0	356
RF00252	22	0	22
RF00253	277	0	277
RF00254	458	0	458
RF00255	305	0	305
RF00256	333	2	331
RF00257	218	0	218
RF00258	448	1	447
RF00259	40	0	40
RF00260	57	3	54
RF00261	42	5	37
RF00262	13	0	13
RF00263	273	1	272
RF00264	176	2	174
RF00265	168	0	168
RF00266	159	0	159
RF00267	328	0	328
RF00268	39	0	39
RF00270	201	0	201
RF00271	153	0	153
RF00272	176	1	175
RF00273	243	0	243
RF00274	123	0	123
RF00275	161	0	161
RF00276	86	0	86
RF00277	229	0	229
RF00278	321	0	321
RF00279	347	0	347
RF00280	121	0	121
RF00281	149	0	149
RF00282	58	0	58
RF00283	124	0	124
RF00284	206	2	204
RF00285	59	0	59
RF00286	212	1	211
RF00287	72	0	72
RF00288	147	0	147
RF00289	86	0	86
RF00290	6	0	6
RF00291	47	0	47
RF00292	84	0	84
RF00293	10	0	10
RF00294	75	0	75
RF00295	90	0	90
RF00296	323	0	323
RF00300	249	1	248
RF00301	67	0	67
RF00302	198	3	195
RF00303	289	1	288
RF00304	296	0	296
RF00305	21	0	21
RF00306	13	0	13
RF00307	92	0	92
RF00309	1049	5	1044
RF00310	19	0	19
RF00311	100	0	100
RF00312	49	1	48
RF00313	21	0	21
RF00314	27	0	27
RF00315	267	0	267
RF00316	27	0	27
RF00317	52	0	52
RF00318	19	0	19
RF00319	186	1	185
RF00320	31	1	30
RF00321	2812	1	2811
RF00322	449	2	447
RF00323	9	0	9
RF00324	200	1	199
RF00325	433	0	433
RF00326	158	0	158
RF00327	32	0	32
RF00328	230	0	230
RF00329	69	0	69
RF00330	329	0	329
RF00331	17	0	17
RF00332	283	1	282
RF00333	305	0	305
RF00334	396	1	395
RF00335	587	0	587
RF00336	46	0	46
RF00337	193	1	192
RF00338	14	1	13
RF00339	376	0	376
RF00340	282	3	279
RF00341	164	0	164
RF00342	124	0	124
RF00343	301	0	301
RF00344	181	0	181
RF00345	245	0	245
RF00348	115	0	115
RF00349	288	0	288
RF00350	231	1	230
RF00351	57	0	57
RF00352	146	0	146
RF00353	238	1	237
RF00355	118	0	118
RF00356	87	0	87
RF00357	464	0	464
RF00358	364	0	364
RF00359	444	0	444
RF00360	267	0	267
RF00361	68	0	68
RF00362	16	0	16
RF00363	5	0	5
RF00364	11	0	11
RF00365	6	0	6
RF00366	6	0	6
RF00367	7	0	7
RF00368	86	0	86
RF00369	62	1	61
RF00370	43	0	43
RF00371	38	0	38
RF00372	8	0	8
RF00373	373	6	367
RF00374	165	0	165
RF00375	141	10	131
RF00376	95	1	94
RF00377	193	0	193
RF00378	200	0	200
RF00379	3917	6	3911
RF00380	1072	3	1069
RF00381	293	0	293
RF00382	81	0	81
RF00383	100	0	100
RF00384	17	0	17
RF00385	18	0	18
RF00386	162	7	155
RF00387	40	0	40
RF00388	12	0	12
RF00389	43	0	43
RF00390	7	0	7
RF00391	564	2	562
RF00392	419	5	414
RF00393	294	3	291
RF00394	102	0	102
RF00396	221	0	221
RF00397	169	1	168
RF00398	218	0	218
RF00399	209	2	207
RF00400	243	0	243
RF00401	137	0	137
RF00402	296	1	295
RF00403	172	0	172
RF00404	127	0	127
RF00405	341	0	341
RF00406	443	0	443
RF00407	134	0	134
RF00408	328	5	323
RF00409	1729	1	1728
RF00410	1235	0	1235
RF00411	222	1	221
RF00412	196	0	196
RF00413	296	0	296
RF00414	202	1	201
RF00415	120	0	120
RF00416	141	1	140
RF00417	51	1	50
RF00418	144	0	144
RF00419	135	0	135
RF00420	227	2	225
RF00421	190	1	189
RF00422	189	0	189
RF00423	161	1	160
RF00424	213	2	211
RF00425	357	2	355
RF00426	148	0	148
RF00427	105	0	105
RF00428	213	0	213
RF00429	246	0	246
RF00430	219	1	218
RF00431	269	1	268
RF00432	600	2	598
RF00433	14	0	14
RF00434	28	0	28
RF00435	251	1	250
RF00436	53279	56	53223
RF00437	10	0	10
RF00438	263	0	263
RF00439	111	0	111
RF00440	123	0	123
RF00441	28	0	28
RF00442	931	2	929
RF00443	199	1	198
RF00444	135	0	135
RF00445	833	0	833
RF00446	667	0	667
RF00447	43	1	42
RF00448	10	1	9
RF00449	44	1	43
RF00451	1090	1	1089
RF00452	655	0	655
RF00453	5	0	5
RF00454	37	0	37
RF00455	460	0	460
RF00456	534	0	534
RF00457	54	0	54
RF00458	17	0	17
RF00459	623	39	584
RF00460	133	0	133
RF00461	31	1	30
RF00462	6	0	6
RF00463	14	0	14
RF00464	243	1	242
RF00467	53	0	53
RF00468	58	3	55
RF00470	36	1	35
RF00471	60	0	60
RF00472	59	1	58
RF00473	73	0	73
RF00474	64	1	63
RF00475	79	2	77
RF00476	634	1	633
RF00477	33	2	31
RF00478	231	1	230
RF00479	65	0	65
RF00480	161	22	139
RF00481	13	0	13
RF00482	140	0	140
RF00483	36	1	35
RF00484	41	0	41
RF00485	3071	6	3065
RF00486	177	0	177
RF00487	141	1	140
RF00488	40	2	38
RF00489	222	0	222
RF00490	234	0	234
RF00492	76	0	76
RF00493	151	0	151
RF00494	252	1	251
RF00495	44	2	42
RF00498	7	0	7
RF00499	7	0	7
RF00500	6	0	6
RF00501	15	0	15
RF00502	5	0	5
RF00503	30	0	30
RF00504	4600	5	4595
RF00505	21	0	21
RF00506	199	0	199
RF00507	206	0	206
RF00509	52	2	50
RF00510	25	0	25
RF00511	6	0	6
RF00512	118	0	118
RF00513	187	0	187
RF00514	290	1	289
RF00515	1201	1	1200
RF00516	236	0	236
RF00517	627	0	627
RF00518	228	2	226
RF00519	1027	1	1026
RF00520	87	0	87
RF00521	840	1	839
RF00522	398	0	398
RF00523	241	2	239
RF00524	1579	2	1577
RF00525	116	0	116
RF00526	45	0	45
RF00527	29	0	29
RF00528	79	0	79
RF00529	110	0	110
RF00530	76	0	76
RF00531	38	0	38
RF00532	62	0	62
RF00533	36	0	36
RF00534	57	0	57
RF00535	60	0	60
RF00536	45	0	45
RF00537	48	0	48
RF00538	59	1	58
RF00539	24	0	24
RF00540	61	0	61
RF00541	21	0	21
RF00542	80	0	80
RF00543	93	0	93
RF00544	53	0	53
RF00545	83	1	82
RF00546	83	0	83
RF00547	58	1	57
RF00548	754	4	750
RF00549	45	1	44
RF00550	47	1	46
RF00551	25	0	25
RF00552	137	0	137
RF00553	160	0	160
RF00554	1027	0	1027
RF00555	293	0	293
RF00556	176	0	176
RF00557	1712	1	1711
RF00558	527	0	527
RF00559	673	0	673
RF00560	1743	1	1742
RF00561	851	8	843
RF00562	153	0	153
RF00563	217	1	216
RF00564	208	1	207
RF00565	159	1	158
RF00566	191	0	191
RF00567	171	0	171
RF00568	484	1	483
RF00569	249	0	249
RF00570	57	0	57
RF00571	226	1	225
RF00572	239	1	238
RF00573	154	0	154
RF00574	104	0	104
RF00575	223	0	223
RF00576	122	0	122
RF00577	129	0	129
RF00578	131	0	131
RF00579	115	0	115
RF00580	192	1	191
RF00581	368	0	368
RF00582	168	0	168
RF00584	53	0	53
RF00586	163	0	163
RF00588	131	1	130
RF00591	126	0	126
RF00592	116	0	116
RF00593	198	1	197
RF00594	69	0	69
RF00598	243	2	241
RF00599	205	0	205
RF00600	215	1	214
RF00601	196	0	196
RF00602	118	1	117
RF00603	59	0	59
RF00604	257	0	257
RF00606	119	0	119
RF00607	100	0	100
RF00608	134	0	134
RF00609	176	0	176
RF00610	51	0	51
RF00611	149	0	149
RF00612	131	0	131
RF00613	149	1	148
RF00614	647	0	647
RF00615	17	1	16
RF00616	28	0	28
RF00617	151	0	151
RF00618	449	2	447
RF00619	2583	11	2572
RF00620	59	3	56
RF00621	30	0	30
RF00622	110	0	110
RF00623	69	0	69
RF00624	140	0	140
RF00625	56	0	56
RF00626	4	0	4
RF00627	88	0	88
RF00628	89	0	89
RF00629	71	0	71
RF00630	357	0	357
RF00632	3	0	3
RF00634	1244	0	1244
RF00635	101	0	101
RF00636	117	0	117
RF00637	168	0	168
RF00638	1240	2	1238
RF00639	574	1	573
RF00640	6	0	6
RF00641	759	1	758
RF00642	236	1	235
RF00643	1334	2	1332
RF00644	307	0	307
RF00645	1867	5	1862
RF00646	327	0	327
RF00647	70	0	70
RF00648	226	0	226
RF00649	274	0	274
RF00650	317	0	317
RF00651	361	0	361
RF00652	540	1	539
RF00653	176	0	176
RF00654	329	0	329
RF00655	106	0	106
RF00656	221	1	220
RF00657	225	0	225
RF00658	162	0	162
RF00659	261	0	261
RF00660	264	0	264
RF00661	198	0	198
RF00662	196	0	196
RF00663	149	0	149
RF00664	134	0	134
RF00665	304	0	304
RF00666	117	0	117
RF00667	300	0	300
RF00668	431	0	431
RF00669	133	0	133
RF00670	89	0	89
RF00671	256	0	256
RF00672	491	0	491
RF00673	141	0	141
RF00674	132	0	132
RF00675	126	0	126
RF00676	57	0	57
RF00677	181	0	181
RF00678	127	0	127
RF00679	186	1	185
RF00680	50	0	50
RF00681	19	0	19
RF00682	110	0	110
RF00683	137	0	137
RF00684	146	0	146
RF00685	117	0	117
RF00686	194	0	194
RF00687	53	0	53
RF00688	232	1	231
RF00689	225	1	224
RF00690	107	0	107
RF00691	291	1	290
RF00692	115	0	115
RF00693	173	0	173
RF00694	288	0	288
RF00695	219	0	219
RF00696	154	0	154
RF00697	56	0	56
RF00698	123	0	123
RF00699	46	0	46
RF00700	204	0	204
RF00701	262	0	262
RF00702	119	0	119
RF00703	110	0	110
RF00704	183	0	183
RF00705	127	0	127
RF00706	232	0	232
RF00707	38	0	38
RF00708	131	0	131
RF00709	150	0	150
RF00710	61	0	61
RF00711	120	0	120
RF00712	165	1	164
RF00713	43	0	43
RF00714	153	0	153
RF00715	119	1	118
RF00716	95	0	95
RF00717	98	0	98
RF00718	44	0	44
RF00719	48	0	48
RF00720	106	0	106
RF00721	14	0	14
RF00722	121	0	121
RF00723	43	0	43
RF00724	103	0	103
RF00725	90	0	90
RF00726	250	0	250
RF00727	118	0	118
RF00728	65	0	65
RF00729	93	0	93
RF00730	104	0	104
RF00731	132	0	132
RF00732	103	0	103
RF00733	45	0	45
RF00734	14	0	14
RF00735	111	0	111
RF00736	214	0	214
RF00737	48	0	48
RF00739	6	0	6
RF00740	48	0	48
RF00741	44	0	44
RF00742	227	0	227
RF00743	58	0	58
RF00744	49	0	49
RF00745	144	0	144
RF00746	127	0	127
RF00747	69	0	69
RF00748	50	0	50
RF00749	165	0	165
RF00750	158	0	158
RF00751	79	0	79
RF00752	102	0	102
RF00753	46	0	46
RF00754	209	0	209
RF00755	45	0	45
RF00756	83	0	83
RF00757	102	0	102
RF00758	45	0	45
RF00760	50	0	50
RF00761	51	0	51
RF00762	44	0	44
RF00763	43	0	43
RF00764	127	0	127
RF00765	38	0	38
RF00766	51	0	51
RF00767	69	0	69
RF00768	8	0	8
RF00769	53	0	53
RF00770	46	0	46
RF00771	49	0	49
RF00772	48	0	48
RF00773	19	0	19
RF00774	10	0	10
RF00775	46	0	46
RF00776	8	0	8
RF00777	39	0	39
RF00778	54	0	54
RF00779	45	0	45
RF00780	16	0	16
RF00781	49	0	49
RF00782	1200	0	1200
RF00783	44	0	44
RF00784	72	0	72
RF00785	12	0	12
RF00786	15	0	15
RF00787	24	0	24
RF00788	23	0	23
RF00789	79	0	79
RF00790	5	0	5
RF00791	13	0	13
RF00792	113	0	113
RF00793	91	0	91
RF00794	10	0	10
RF00795	11	0	11
RF00796	11	0	11
RF00797	11	0	11
RF00798	10	0	10
RF00799	8	0	8
RF00801	22	0	22
RF00802	6	0	6
RF00803	88	0	88
RF00804	6	0	6
RF00805	3	0	3
RF00806	41	0	41
RF00807	25	0	25
RF00808	47	0	47
RF00809	11	0	11
RF00810	10	0	10
RF00811	37	0	37
RF00812	53	0	53
RF00813	88	0	88
RF00814	31	0	31
RF00815	10	0	10
RF00816	12	0	12
RF00817	10	0	10
RF00818	27	0	27
RF00819	12	0	12
RF00820	6	0	6
RF00821	6	0	6
RF00822	37	0	37
RF00823	6	0	6
RF00824	50	0	50
RF00825	191	5	186
RF00826	9	0	9
RF00827	12	0	12
RF00828	10	0	10
RF00829	48	1	47
RF00830	18	0	18
RF00831	11	0	11
RF00832	185	0	185
RF00833	4	0	4
RF00834	11	0	11
RF00835	12	0	12
RF00836	19	0	19
RF00837	13	0	13
RF00838	247	0	247
RF00839	46	0	46
RF00840	69	0	69
RF00841	38	0	38
RF00842	69	0	69
RF00843	28	0	28
RF00844	135	0	135
RF00845	19	0	19
RF00846	31	0	31
RF00847	10	0	10
RF00848	9	0	9
RF00849	15	0	15
RF00850	9	0	9
RF00851	6	0	6
RF00852	10	0	10
RF00853	19	0	19
RF00854	27	0	27
RF00855	9	0	9
RF00856	13	0	13
RF00857	10	0	10
RF00858	29	0	29
RF00859	39	0	39
RF00861	44	0	44
RF00862	46	0	46
RF00863	5	0	5
RF00864	5	0	5
RF00865	912	1	911
RF00866	10	0	10
RF00867	6	0	6
RF00868	6	0	6
RF00869	5	0	5
RF00870	51	0	51
RF00872	48	0	48
RF00873	35	0	35
RF00874	6	0	6
RF00875	28	0	28
RF00876	29	0	29
RF00877	50	0	50
RF00878	78	0	78
RF00879	41	0	41
RF00883	29	0	29
RF00884	14	0	14
RF00885	887	31	856
RF00886	1667	11	1656
RF00887	46	0	46
RF00888	26	0	26
RF00890	27	0	27
RF00891	52	0	52
RF00892	212	0	212
RF00893	170	0	170
RF00894	14	0	14
RF00895	5	0	5
RF00896	5	0	5
RF00897	32	0	32
RF00898	10	0	10
RF00899	8	0	8
RF00900	23	0	23
RF00901	9	0	9
RF00902	6	0	6
RF00903	6	0	6
RF00904	5	0	5
RF00905	5	0	5
RF00906	100466	1506	98960
RF00907	8	0	8
RF00908	35	0	35
RF00909	9	0	9
RF00910	51	0	51
RF00911	16	0	16
RF00912	44	0	44
RF00914	7	0	7
RF00915	30	0	30
RF00917	48	0	48
RF00918	20	0	20
RF00919	50	0	50
RF00920	19	0	19
RF00921	42	1	41
RF00922	8	0	8
RF00925	5	0	5
RF00926	4	0	4
RF00927	49	0	49
RF00928	37	0	37
RF00929	2144	0	2144
RF00931	6	0	6
RF00932	4	0	4
RF00933	67	0	67
RF00934	4	0	4
RF00935	47	0	47
RF00936	44	0	44
RF00937	42	0	42
RF00939	50	0	50
RF00940	5	0	5
RF00941	5	0	5
RF00942	25	0	25
RF00943	30	0	30
RF00945	13	0	13
RF00946	38	0	38
RF00947	94	0	94
RF00948	59	0	59
RF00949	7	0	7
RF00950	110	0	110
RF00951	3596	1	3595
RF00952	55	0	55
RF00953	3	0	3
RF00954	19	0	19
RF00955	10	0	10
RF00956	8	0	8
RF00957	48	2	46
RF00958	14	0	14
RF00959	12	0	12
RF00960	10	0	10
RF00961	13	0	13
RF00962	13	0	13
RF00963	12	0	12
RF00964	13	0	13
RF00965	13	0	13
RF00966	42	0	42
RF00967	5	0	5
RF00968	12	0	12
RF00969	13	0	13
RF00970	12	0	12
RF00971	10	0	10
RF00972	13	0	13
RF00973	13	0	13
RF00974	8	0	8
RF00975	88	0	88
RF00976	12	0	12
RF00977	13	0	13
RF00978	12	0	12
RF00979	12	0	12
RF00980	11	0	11
RF00981	14	0	14
RF00983	9	0	9
RF00984	12	0	12
RF00985	12	0	12
RF00986	12	0	12
RF00987	18	0	18
RF00988	11	0	11
RF00989	53	0	53
RF00990	10	0	10
RF00991	43	1	42
RF00992	11	0	11
RF00993	5	0	5
RF00994	35	0	35
RF00995	12	0	12
RF00996	29	0	29
RF00997	12	0	12
RF00998	13	0	13
RF00999	12	0	12
RF01000	12	0	12
RF01001	13	0	13
RF01002	12	0	12
RF01003	14	0	14
RF01004	10	0	10
RF01005	32	0	32
RF01006	10	0	10
RF01007	13	0	13
RF01008	11	0	11
RF01009	10	0	10
RF01010	44	0	44
RF01011	10	0	10
RF01012	45	0	45
RF01013	13	0	13
RF01014	132	0	132
RF01015	39	0	39
RF01016	25	0	25
RF01018	14	0	14
RF01019	10	0	10
RF01020	14	0	14
RF01021	12	0	12
RF01022	11	0	11
RF01023	14	0	14
RF01024	12	0	12
RF01025	13	0	13
RF01026	86	0	86
RF01027	12	0	12
RF01028	11	0	11
RF01029	10	0	10
RF01030	12	0	12
RF01031	12	0	12
RF01032	12	0	12
RF01033	33	0	33
RF01034	12	0	12
RF01035	14	0	14
RF01036	11	0	11
RF01037	8	0	8
RF01038	33	0	33
RF01039	13	0	13
RF01040	11	0	11
RF01041	15	0	15
RF01042	22	0	22
RF01043	8	0	8
RF01044	48	0	48
RF01045	2440	0	2440
RF01046	19	0	19
RF01047	36	0	36
RF01050	22	8	14
RF01051	4213	9	4204
RF01052	121	1	120
RF01053	3	0	3
RF01054	72	0	72
RF01055	1390	8	1382
RF01056	42	0	42
RF01057	861	2	859
RF01059	39	0	39
RF01061	962	0	962
RF01064	9	0	9
RF01065	209	0	209
RF01066	412	0	412
RF01067	105	0	105
RF01068	1001	1	1000
RF01069	101	0	101
RF01070	284	0	284
RF01071	294	1	293
RF01072	40	0	40
RF01073	765	1	764
RF01074	12	0	12
RF01075	3	0	3
RF01076	4	0	4
RF01077	6	0	6
RF01078	4	0	4
RF01079	3	0	3
RF01080	6	0	6
RF01081	6	0	6
RF01082	5	0	5
RF01083	11	0	11
RF01084	17	0	17
RF01085	2	0	2
RF01087	6	0	6
RF01088	3	0	3
RF01089	45	0	45
RF01090	44	0	44
RF01091	8	0	8
RF01092	2	0	2
RF01093	115	0	115
RF01094	3	0	3
RF01095	4	0	4
RF01096	3	0	3
RF01097	887	0	887
RF01098	6	0	6
RF01099	32	0	32
RF01100	3	0	3
RF01101	7	0	7
RF01102	3	0	3
RF01103	4	0	4
RF01104	4	0	4
RF01105	3	0	3
RF01106	3	0	3
RF01107	4	0	4
RF01108	3	0	3
RF01109	4	0	4
RF01111	5	0	5
RF01113	4	0	4
RF01114	4	0	4
RF01116	157	0	157
RF01117	9	0	9
RF01119	6	0	6
RF01120	12	0	12
RF01121	6	0	6
RF01122	15	0	15
RF01123	4	0	4
RF01124	15	0	15
RF01125	4	0	4
RF01126	23	0	23
RF01127	5	0	5
RF01128	17	0	17
RF01129	4	0	4
RF01130	17	0	17
RF01131	17	0	17
RF01132	4	0	4
RF01133	73	0	73
RF01134	10	0	10
RF01135	7	0	7
RF01136	18	0	18
RF01137	4	0	4
RF01138	16	0	16
RF01139	23	0	23
RF01140	15	0	15
RF01141	8	0	8
RF01142	5	0	5
RF01143	3	0	3
RF01144	12	0	12
RF01145	22	0	22
RF01146	4	0	4
RF01147	10	0	10
RF01149	7	0	7
RF01150	14	0	14
RF01151	56	0	56
RF01152	34	0	34
RF01153	15	0	15
RF01155	194	0	194
RF01156	104	0	104
RF01157	12	0	12
RF01158	19	0	19
RF01159	107	0	107
RF01160	16	0	16
RF01161	137	0	137
RF01162	27	0	27
RF01163	113	0	113
RF01164	53	1	52
RF01165	10	0	10
RF01166	16	0	16
RF01167	10	0	10
RF01168	51	0	51
RF01169	64	0	64
RF01170	138	0	138
RF01171	3	0	3
RF01172	9	0	9
RF01173	47	0	47
RF01174	62	0	62
RF01175	20	0	20
RF01176	45	0	45
RF01177	80	0	80
RF01178	238	1	237
RF01179	111	0	111
RF01180	27	0	27
RF01181	83	1	82
RF01182	128	0	128
RF01183	60	0	60
RF01184	80	0	80
RF01185	520	1	519
RF01186	108	0	108
RF01188	110	0	110
RF01189	10	0	10
RF01190	14	0	14
RF01191	221	0	221
RF01192	146	1	145
RF01193	150	0	150
RF01194	26	0	26
RF01195	38	1	37
RF01196	21	0	21
RF01197	47	0	47
RF01198	289	0	289
RF01199	12	0	12
RF01200	99	1	98
RF01201	76	0	76
RF01202	13	0	13
RF01203	84	0	84
RF01204	35	1	34
RF01205	12	3	9
RF01206	200	0	200
RF01207	249	0	249
RF01208	260	0	260
RF01209	84	2	82
RF01210	5479	8	5471
RF01211	69	0	69
RF01212	48	0	48
RF01213	306	0	306
RF01214	144	4	140
RF01215	270	0	270
RF01216	44	0	44
RF01218	81	1	80
RF01219	235	1	234
RF01220	228	2	226
RF01221	18	0	18
RF01222	10	0	10
RF01223	55	2	53
RF01224	257	0	257
RF01225	254	0	254
RF01226	17	0	17
RF01227	308	0	308
RF01228	169	0	169
RF01229	167	0	167
RF01230	231	0	231
RF01231	466	0	466
RF01232	28	0	28
RF01233	348	1	347
RF01234	138	0	138
RF01235	14	2	12
RF01236	121	0	121
RF01237	40	1	39
RF01238	36	3	33
RF01239	55	1	54
RF01240	34	2	32
RF01241	254	1	253
RF01242	313	2	311
RF01243	19	1	18
RF01244	40	0	40
RF01245	16	2	14
RF01246	12	2	10
RF01247	106	2	104
RF01248	75	1	74
RF01249	52	4	48
RF01250	30	0	30
RF01251	61	1	60
RF01252	69	3	66
RF01253	61	0	61
RF01254	46	1	45
RF01255	70	5	65
RF01256	86	1	85
RF01257	45	3	42
RF01258	80	2	78
RF01259	35	2	33
RF01260	37	1	36
RF01261	35	5	30
RF01262	257	1	256
RF01263	245	5	240
RF01264	22	2	20
RF01265	44	0	44
RF01266	39	0	39
RF01267	59	2	57
RF01268	103	1	102
RF01269	204	1	203
RF01270	15	1	14
RF01271	35	4	31
RF01272	14	1	13
RF01273	16	0	16
RF01274	18	0	18
RF01275	17	0	17
RF01276	5	0	5
RF01277	155	0	155
RF01278	149	0	149
RF01279	183	0	183
RF01280	192	1	191
RF01281	211	1	210
RF01283	108	0	108
RF01284	390	0	390
RF01285	453	1	452
RF01286	211	0	211
RF01287	181	0	181
RF01288	199	0	199
RF01289	22	0	22
RF01290	112	0	112
RF01291	129	0	129
RF01292	304	1	303
RF01293	19	0	19
RF01294	67	0	67
RF01295	119	1	118
RF01296	203	3	200
RF01297	4	0	4
RF01298	8	0	8
RF01299	230	0	230
RF01300	98	0	98
RF01301	38	0	38
RF01302	370	0	370
RF01303	4	0	4
RF01304	26	0	26
RF01305	11	0	11
RF01306	3	0	3
RF01307	15	0	15
RF01308	16	0	16
RF01309	13	0	13
RF01310	12	0	12
RF01312	9	0	9
RF01313	14	0	14
RF01314	13	0	13
RF01315	9070	1	9069
RF01316	1327	0	1327
RF01317	10269	1	10268
RF01318	4690	6	4684
RF01319	622	0	622
RF01320	2410	0	2410
RF01321	77	0	77
RF01322	1369	0	1369
RF01323	299	0	299
RF01324	43	0	43
RF01325	262	0	262
RF01326	134	0	134
RF01327	189	0	189
RF01328	48	0	48
RF01329	107	0	107
RF01330	595	0	595
RF01331	34	0	34
RF01332	409	0	409
RF01333	41	0	41
RF01334	278	0	278
RF01335	487	0	487
RF01336	151	0	151
RF01337	1221	1	1220
RF01338	308	0	308
RF01339	133	0	133
RF01340	131	0	131
RF01341	22	0	22
RF01342	36	0	36
RF01343	181	0	181
RF01344	382	0	382
RF01345	131	0	131
RF01346	70	0	70
RF01347	185	0	185
RF01348	114	0	114
RF01349	3	0	3
RF01350	38	0	38
RF01351	8	0	8
RF01352	988	0	988
RF01353	36	0	36
RF01354	326	0	326
RF01355	49	0	49
RF01356	617	0	617
RF01357	22	0	22
RF01358	139	0	139
RF01359	7	0	7
RF01360	45	0	45
RF01361	11	0	11
RF01362	217	1	216
RF01363	388	0	388
RF01364	25	0	25
RF01365	52	0	52
RF01366	16	0	16
RF01367	23	0	23
RF01368	47	0	47
RF01369	102	0	102
RF01370	442	0	442
RF01371	102	0	102
RF01373	171	0	171
RF01374	4	0	4
RF01375	2	0	2
RF01376	40	0	40
RF01377	2	0	2
RF01378	3	0	3
RF01379	130	0	130
RF01380	41	1	40
RF01381	33	0	33
RF01382	44	0	44
RF01383	26	0	26
RF01384	9	0	9
RF01385	48	0	48
RF01386	10	0	10
RF01387	31	0	31
RF01388	7	0	7
RF01389	7	0	7
RF01390	134	0	134
RF01391	11	0	11
RF01392	39	0	39
RF01393	12	0	12
RF01394	437	2	435
RF01395	20	1	19
RF01396	140	0	140
RF01397	22	0	22
RF01398	11	0	11
RF01399	11	0	11
RF01400	39	0	39
RF01401	19	0	19
RF01402	15	0	15
RF01403	11	0	11
RF01404	9	0	9
RF01405	260	0	260
RF01406	13	0	13
RF01407	30	0	30
RF01408	49	0	49
RF01409	13	0	13
RF01410	353	0	353
RF01411	123	0	123
RF01412	301	1	300
RF01413	643	1	642
RF01414	152	0	152
RF01415	117	0	117
RF01416	9	0	9
RF01417	79	0	79
RF01418	48	24	24
RF01419	1434	20	1414
RF01420	157	1	156
RF01421	506	1	505
RF01422	95	0	95
RF01423	158	1	157
RF01424	235	0	235
RF01425	16	0	16
RF01426	173	0	173
RF01427	95	0	95
RF01428	220	1	219
RF01429	34	0	34
RF01430	283	0	283
RF01431	284	3	281
RF01432	220	0	220
RF01433	256	0	256
RF01434	5	0	5
RF01435	5	0	5
RF01436	5	0	5
RF01437	4	0	4
RF01438	31	0	31
RF01439	4	0	4
RF01440	5	0	5
RF01441	3	0	3
RF01442	6	0	6
RF01443	4	0	4
RF01444	6	0	6
RF01445	6	0	6
RF01446	4	0	4
RF01447	5	0	5
RF01448	4	0	4
RF01449	6	0	6
RF01450	3	0	3
RF01451	4	0	4
RF01452	11	0	11
RF01453	4	0	4
RF01454	4	0	4
RF01455	75	0	75
RF01456	43	0	43
RF01457	7	0	7
RF01458	52	0	52
RF01459	5	0	5
RF01460	4	0	4
RF01461	7	0	7
RF01462	6	0	6
RF01463	4	0	4
RF01464	7	0	7
RF01465	4	0	4
RF01466	8	0	8
RF01467	7	0	7
RF01468	6	0	6
RF01469	6	0	6
RF01470	100	0	100
RF01471	9	0	9
RF01472	5	0	5
RF01473	11	0	11
RF01474	5	0	5
RF01475	7	0	7
RF01476	9	0	9
RF01477	5	0	5
RF01478	10	0	10
RF01479	7	0	7
RF01480	7	0	7
RF01481	6	0	6
RF01482	175	0	175
RF01483	7	0	7
RF01484	6	0	6
RF01485	13	0	13
RF01486	7	0	7
RF01487	12	0	12
RF01488	6	0	6
RF01489	36	1	35
RF01490	12	0	12
RF01491	9	0	9
RF01492	418	1	417
RF01493	5	0	5
RF01494	97	0	97
RF01495	38	0	38
RF01496	299	1	298
RF01497	1415	4	1411
RF01498	276	0	276
RF01499	93	0	93
RF01500	123	0	123
RF01501	101	0	101
RF01502	380	4	376
RF01503	11	0	11
RF01504	111	0	111
RF01505	252	0	252
RF01506	191	0	191
RF01507	166	0	166
RF01508	8	2	6
RF01509	270	1	269
RF01510	5	0	5
RF01511	260	0	260
RF01512	283	0	283
RF01513	286	0	286
RF01514	284	0	284
RF01515	273	0	273
RF01516	5	0	5
RF01517	40	0	40
RF01518	115	1	114
RF01519	16	1	15
RF01520	8	0	8
RF01521	13	0	13
RF01522	76	0	76
RF01523	39	0	39
RF01524	39	0	39
RF01525	37	0	37
RF01526	9	0	9
RF01527	35	0	35
RF01528	11	0	11
RF01529	28	1	27
RF01530	16	0	16
RF01531	52	0	52
RF01532	54	0	54
RF01533	28	0	28
RF01534	18	0	18
RF01535	14	0	14
RF01536	24	0	24
RF01537	73	0	73
RF01538	31	0	31
RF01539	162	0	162
RF01540	161	0	161
RF01541	133	0	133
RF01542	16	1	15
RF01543	35	0	35
RF01544	16	0	16
RF01545	8	0	8
RF01546	105	1	104
RF01547	92	0	92
RF01548	73	1	72
RF01549	54	0	54
RF01550	51	0	51
RF01551	7	0	7
RF01552	57	0	57
RF01553	42	0	42
RF01554	61	0	61
RF01555	42	0	42
RF01556	33	0	33
RF01557	41	0	41
RF01558	51	0	51
RF01559	5	0	5
RF01560	9	0	9
RF01561	8	0	8
RF01562	3	0	3
RF01563	6	0	6
RF01564	3	0	3
RF01565	5	0	5
RF01566	9	0	9
RF01567	3	0	3
RF01568	5	0	5
RF01569	6	0	6
RF01570	7	0	7
RF01572	5	0	5
RF01573	5	0	5
RF01574	5	0	5
RF01575	5	0	5
RF01576	3	0	3
RF01577	24	1	23
RF01578	23	0	23
RF01579	25	0	25
RF01580	13	0	13
RF01581	145	4	141
RF01582	17	0	17
RF01583	25	0	25
RF01584	11	0	11
RF01585	28	0	28
RF01586	20	0	20
RF01587	28	0	28
RF01588	52	0	52
RF01589	11	0	11
RF01590	16	0	16
RF01591	29	0	29
RF01592	22	0	22
RF01593	29	0	29
RF01594	27	0	27
RF01595	28	0	28
RF01596	32	0	32
RF01597	36	0	36
RF01598	26	0	26
RF01599	21	0	21
RF01600	28	0	28
RF01601	30	1	29
RF01602	28	0	28
RF01603	25	1	24
RF01604	26	0	26
RF01605	29	0	29
RF01606	26	0	26
RF01607	19	1	18
RF01608	12	0	12
RF01609	11	0	11
RF01610	19	0	19
RF01611	17	0	17
RF01612	10	0	10
RF01613	20	0	20
RF01614	10	0	10
RF01615	32	0	32
RF01617	8	0	8
RF01618	20	0	20
RF01619	8	0	8
RF01620	14	0	14
RF01621	10	0	10
RF01622	19	0	19
RF01623	17	0	17
RF01624	11	0	11
RF01625	11	0	11
RF01626	11	0	11
RF01627	20	0	20
RF01628	8	0	8
RF01629	60	0	60
RF01630	26	0	26
RF01631	11	0	11
RF01632	9	0	9
RF01633	10	0	10
RF01634	9	0	9
RF01635	14	0	14
RF01636	10	0	10
RF01637	42	0	42
RF01638	12	0	12
RF01639	11	0	11
RF01640	9	0	9
RF01641	10	0	10
RF01642	12	0	12
RF01643	10	0	10
RF01644	14	0	14
RF01645	17	0	17
RF01646	10	0	10
RF01647	11	0	11
RF01648	9	0	9
RF01649	9	0	9
RF01650	3	0	3
RF01651	11	0	11
RF01652	15	0	15
RF01653	18	0	18
RF01654	19	0	19
RF01655	18	0	18
RF01656	278	0	278
RF01658	10	0	10
RF01659	7	0	7
RF01660	60	0	60
RF01661	17	0	17
RF01662	11	0	11
RF01663	10	0	10
RF01664	17	0	17
RF01665	3	0	3
RF01666	12	0	12
RF01667	6	0	6
RF01668	82	0	82
RF01669	68	0	68
RF01670	20	0	20
RF01671	32	0	32
RF01672	8	0	8
RF01673	114	0	114
RF01674	81	3	78
RF01675	168	0	168
RF01676	78	0	78
RF01677	3	0	3
RF01678	3	0	3
RF01679	39	0	39
RF01680	3	0	3
RF01681	8	0	8
RF01682	3	0	3
RF01683	7	0	7
RF01684	313	0	313
RF01685	230	1	229
RF01686	8	0	8
RF01687	1978	1	1977
RF01688	751	0	751
RF01689	424	2	422
RF01690	2330	7	2323
RF01691	127	0	127
RF01692	215	0	215
RF01693	230	2	228
RF01694	81	2	79
RF01695	2614	2	2612
RF01696	35	0	35
RF01697	38	0	38
RF01698	3	0	3
RF01699	1107	16	1091
RF01700	18	1	17
RF01701	523	0	523
RF01702	66	0	66
RF01703	6	0	6
RF01704	1047	1	1046
RF01705	5365	4	5361
RF01706	110	1	109
RF01707	399	0	399
RF01708	205	0	205
RF01709	107	0	107
RF01710	26	0	26
RF01711	21	0	21
RF01712	47	0	47
RF01713	25	0	25
RF01714	3	0	3
RF01715	12	0	12
RF01716	77	0	77
RF01717	383	2	381
RF01718	18	0	18
RF01719	113	1	112
RF01720	90	0	90
RF01721	88	0	88
RF01722	13	0	13
RF01723	63	0	63
RF01724	26	0	26
RF01725	765	2	763
RF01726	583	2	581
RF01727	299	0	299
RF01728	206	0	206
RF01729	15	0	15
RF01730	20	0	20
RF01731	1903	24	1879
RF01732	106	0	106
RF01733	26	0	26
RF01734	2382	5	2377
RF01735	246	0	246
RF01736	49	0	49
RF01737	13	0	13
RF01738	73	0	73
RF01739	1712	2	1710
RF01740	104	0	104
RF01742	21	0	21
RF01743	16	0	16
RF01744	26	0	26
RF01745	183	0	183
RF01746	502	0	502
RF01747	772	0	772
RF01748	99	0	99
RF01749	554	0	554
RF01750	1922	3	1919
RF01751	137	0	137
RF01752	45	0	45
RF01753	47	0	47
RF01754	572	2	570
RF01755	88	1	87
RF01756	90	1	89
RF01757	24	0	24
RF01758	90	0	90
RF01759	81	0	81
RF01760	200	0	200
RF01761	130	0	130
RF01762	55	0	55
RF01763	703	0	703
RF01764	370	0	370
RF01765	11	2	9
RF01766	1612	3	1609
RF01767	192	0	192
RF01768	41	0	41
RF01769	124	1	123
RF01770	286	0	286
RF01771	49	0	49
RF01772	53	0	53
RF01773	81	0	81
RF01774	11	0	11
RF01775	28	0	28
RF01776	232	0	232
RF01778	107	0	107
RF01779	3	0	3
RF01780	15	0	15
RF01781	755	0	755
RF01782	4648	7	4641
RF01783	3	0	3
RF01784	22	0	22
RF01785	4	0	4
RF01786	586	1	585
RF01787	9224	2	9222
RF01788	2142	146	1996
RF01789	7	0	7
RF01790	16	0	16
RF01791	203	0	203
RF01792	5	0	5
RF01793	628	0	628
RF01794	293	4	289
RF01795	19	0	19
RF01796	124	0	124
RF01797	57	0	57
RF01798	3	0	3
RF01800	7	0	7
RF01802	6	0	6
RF01803	741	0	741
RF01804	25	0	25
RF01807	12	0	12
RF01808	40	0	40
RF01809	37	0	37
RF01810	16	0	16
RF01811	46	0	46
RF01812	9	0	9
RF01813	77	0	77
RF01814	23	1	22
RF01815	154	0	154
RF01816	18	0	18
RF01817	3	0	3
RF01818	4	0	4
RF01819	25	0	25
RF01820	132	0	132
RF01821	19	0	19
RF01822	4	0	4
RF01823	20	0	20
RF01824	15	2	13
RF01825	14	1	13
RF01826	19	0	19
RF01827	21	0	21
RF01828	10	0	10
RF01829	3	0	3
RF01830	455	4	451
RF01831	696	2	694
RF01832	42	0	42
RF01833	5	0	5
RF01834	5	0	5
RF01835	22	0	22
RF01836	9	1	8
RF01837	3	0	3
RF01838	9	0	9
RF01839	6	0	6
RF01840	15	0	15
RF01841	10	0	10
RF01842	27	0	27
RF01843	6	0	6
RF01844	322	1	321
RF01845	160	1	159
RF01846	643	17	626
RF01847	1209	7	1202
RF01848	151	1	150
RF01849	942	9	933
RF01850	41	1	40
RF01851	48	1	47
RF01852	2359	5	2354
RF01853	248	4	244
RF01854	1143	8	1135
RF01855	1398	10	1388
RF01856	86	1	85
RF01857	344	5	339
RF01858	5	0	5
RF01859	367	6	361
RF01860	279	0	279
RF01861	71	0	71
RF01862	36	0	36
RF01863	6	0	6
RF01864	28	0	28
RF01865	5	0	5
RF01866	12	0	12
RF01867	68	0	68
RF01871	56	0	56
RF01872	53	1	52
RF01873	56	0	56
RF01874	43	0	43
RF01875	45	0	45
RF01876	47	0	47
RF01877	53	1	52
RF01879	62	0	62
RF01880	55	0	55
RF01881	60	0	60
RF01882	66	0	66
RF01883	54	0	54
RF01884	209	2	207
RF01885	24	0	24
RF01886	22	0	22
RF01887	51	0	51
RF01888	55	0	55
RF01889	8	0	8
RF01890	5	0	5
RF01891	67	0	67
RF01892	69	0	69
RF01894	112	1	111
RF01895	241	1	240
RF01896	283	0	283
RF01897	50	0	50
RF01898	122	0	122
RF01899	17	0	17
RF01900	23	0	23
RF01901	33	0	33
RF01902	58	0	58
RF01903	146	0	146
RF01904	43	0	43
RF01905	45	0	45
RF01906	47	0	47
RF01909	59	0	59
RF01910	26	0	26
RF01911	1248	2	1246
RF01912	4747	0	4747
RF01913	27	0	27
RF01914	89	0	89
RF01915	32	0	32
RF01916	37	0	37
RF01917	244	0	244
RF01918	49	0	49
RF01919	23	0	23
RF01920	42	0	42
RF01921	40	0	40
RF01922	38	0	38
RF01923	38	0	38
RF01924	3419	0	3419
RF01925	110	0	110
RF01926	104	0	104
RF01927	10	0	10
RF01928	42	0	42
RF01929	12	0	12
RF01930	10	0	10
RF01931	12	0	12
RF01932	13	0	13
RF01933	14	0	14
RF01934	15	0	15
RF01935	6	0	6
RF01936	11	0	11
RF01937	1176	0	1176
RF01938	45	0	45
RF01939	46	0	46
RF01940	6	0	6
RF01941	20	0	20
RF01943	50	0	50
RF01944	60	0	60
RF01945	90	0	90
RF01946	42	0	42
RF01947	49	0	49
RF01948	40	0	40
RF01950	47	0	47
RF01951	127	0	127
RF01952	51	0	51
RF01953	95	0	95
RF01954	70	0	70
RF01955	63	0	63
RF01956	57	0	57
RF01957	71	1	70
RF01959	632	33	599
RF01960	21653	867	20786
RF01962	51	0	51
RF01963	58	0	58
RF01964	54	0	54
RF01965	56	0	56
RF01966	60	0	60
RF01967	112	1	111
RF01968	113	0	113
RF01969	116	0	116
RF01970	130	0	130
RF01971	60	0	60
RF01972	64	0	64
RF01973	53	0	53
RF01974	34	1	33
RF01975	47	1	46
RF01976	119	0	119
RF01977	49	0	49
RF01978	51	0	51
RF01979	47	0	47
RF01981	62	0	62
RF01982	59	0	59
RF01983	50	0	50
RF01984	99	0	99
RF01985	47	0	47
RF01986	50	3	47
RF01987	49	0	49
RF01988	60	0	60
RF01989	478	1	477
RF01990	341	1	340
RF01991	28	0	28
RF01992	64	1	63
RF01996	12	0	12
RF01997	14	0	14
RF01998	2271	6	2265
RF01999	822	1	821
RF02000	76	0	76
RF02001	3545	34	3511
RF02003	620	3	617
RF02004	586	10	576
RF02005	1363	9	1354
RF02006	7	0	7
RF02007	11	0	11
RF02008	16	0	16
RF02009	16	0	16
RF02010	12	0	12
RF02011	7	0	7
RF02012	1048	4	1044
RF02014	12	0	12
RF02015	13	0	13
RF02016	12	0	12
RF02017	38	0	38
RF02018	12	0	12
RF02019	12	0	12
RF02020	58	0	58
RF02021	14	0	14
RF02022	11	0	11
RF02023	11	0	11
RF02024	20	0	20
RF02025	36	0	36
RF02026	18	0	18
RF02027	144	1	143
RF02028	17	0	17
RF02029	120	0	120
RF02030	128	0	128
RF02031	152	0	152
RF02032	58	0	58
RF02033	982	3	979
RF02034	176	0	176
RF02035	327	2	325
RF02036	32	0	32
RF02037	30	0	30
RF02038	57	0	57
RF02039	60	0	60
RF02040	35	0	35
RF02041	99	0	99
RF02042	59	1	58
RF02043	56	0	56
RF02044	23	0	23
RF02045	47	0	47
RF02046	158	0	158
RF02047	205	0	205
RF02048	6	0	6
RF02049	4	0	4
RF02050	7	0	7
RF02051	45	1	44
RF02052	20	0	20
RF02053	29	0	29
RF02054	6	0	6
RF02055	7	0	7
RF02056	7	0	7
RF02057	66	0	66
RF02058	4	0	4
RF02059	7	0	7
RF02060	24	1	23
RF02061	245	0	245
RF02062	7	0	7
RF02063	7	0	7
RF02064	26	0	26
RF02065	9	0	9
RF02066	8	0	8
RF02067	12	0	12
RF02068	10	0	10
RF02069	34	0	34
RF02070	8	0	8
RF02071	8	0	8
RF02072	6	0	6
RF02073	7	0	7
RF02074	81	0	81
RF02075	26	0	26
RF02076	135	1	134
RF02077	9	0	9
RF02078	7	0	7
RF02079	31	0	31
RF02080	7	0	7
RF02081	75	0	75
RF02082	21	0	21
RF02083	9	0	9
RF02084	42	0	42
RF02085	18	0	18
RF02086	17	0	17
RF02087	10	0	10
RF02088	11	0	11
RF02089	53	0	53
RF02090	61	0	61
RF02091	88	1	87
RF02092	32	0	32
RF02093	67	0	67
RF02094	46	0	46
RF02095	344	0	344
RF02097	53	0	53
RF02098	17	0	17
RF02099	3	0	3
RF02100	52	0	52
RF02101	51	0	51
RF02102	17	0	17
RF02103	83	2	81
RF02104	38	0	38
RF02105	77	0	77
RF02106	51	0	51
RF02107	61	0	61
RF02108	68	1	67
RF02109	142	1	141
RF02110	97	2	95
RF02111	23	1	22
RF02112	61	0	61
RF02113	59	0	59
RF02114	34	0	34
RF02115	39	0	39
RF02116	53	1	52
RF02117	51	0	51
RF02118	53	0	53
RF02119	44	0	44
RF02120	46	0	46
RF02121	42	0	42
RF02122	50	0	50
RF02123	38	0	38
RF02124	48	0	48
RF02125	34	0	34
RF02126	37	0	37
RF02127	58	0	58
RF02128	45	0	45
RF02129	33	0	33
RF02130	60	0	60
RF02131	60	0	60
RF02132	38	0	38
RF02133	43	0	43
RF02134	12	0	12
RF02135	11	0	11
RF02136	11	0	11
RF02137	52	0	52
RF02138	109	0	109
RF02139	60	0	60
RF02140	105	1	104
RF02141	114	0	114
RF02142	58	1	57
RF02143	52	1	51
RF02144	112	1	111
RF02145	60	0	60
RF02146	38	0	38
RF02147	40	0	40
RF02148	49	1	48
RF02149	53	0	53
RF02150	52	0	52
RF02151	47	1	46
RF02153	137	0	137
RF02154	35	0	35
RF02155	12	0	12
RF02156	45	0	45
RF02157	35	0	35
RF02158	56	0	56
RF02159	60	0	60
RF02160	121	1	120
RF02161	27	0	27
RF02162	294	0	294
RF02163	72	0	72
RF02164	46	0	46
RF02165	53	1	52
RF02166	78	0	78
RF02167	31	0	31
RF02168	56	0	56
RF02169	34	0	34
RF02170	24	0	24
RF02171	18	0	18
RF02172	17	0	17
RF02173	54	0	54
RF02174	55	0	55
RF02175	52	0	52
RF02176	53	1	52
RF02177	28	0	28
RF02178	23	0	23
RF02179	56	0	56
RF02180	54	0	54
RF02181	13	0	13
RF02182	21	0	21
RF02183	64	0	64
RF02184	98	0	98
RF02185	56	0	56
RF02186	17	0	17
RF02187	55	2	53
RF02188	64	1	63
RF02189	56	0	56
RF02190	57	0	57
RF02191	30	0	30
RF02192	39	0	39
RF02193	55	0	55
RF02194	178	0	178
RF02195	46	0	46
RF02196	31	1	30
RF02197	13	0	13
RF02198	37	0	37
RF02199	29	0	29
RF02200	25	1	24
RF02201	52	0	52
RF02202	13	0	13
RF02203	39	0	39
RF02204	46	0	46
RF02205	55	0	55
RF02206	38	0	38
RF02207	13	0	13
RF02208	52	0	52
RF02209	86	2	84
RF02210	63	0	63
RF02211	12	0	12
RF02212	34	0	34
RF02213	14	0	14
RF02214	4	0	4
RF02215	48	0	48
RF02216	77	0	77
RF02217	12	0	12
RF02218	44	1	43
RF02219	127	0	127
RF02220	24	1	23
RF02221	411	1	410
RF02222	14	0	14
RF02223	35	0	35
RF02224	29	0	29
RF02225	29	0	29
RF02226	17	0	17
RF02227	47	0	47
RF02228	394	0	394
RF02230	25	0	25
RF02231	8	0	8
RF02232	61	1	60
RF02233	11	0	11
RF02234	38	0	38
RF02235	64	0	64
RF02236	2	0	2
RF02237	5	0	5
RF02238	11	0	11
RF02239	3	0	3
RF02240	9	0	9
RF02241	10	0	10
RF02242	30	0	30
RF02243	12	0	12
RF02244	7	0	7
RF02245	4	0	4
RF02246	43	0	43
RF02247	51	0	51
RF02248	46	0	46
RF02249	43	3	40
RF02250	119	1	118
RF02251	19	0	19
RF02252	115	0	115
RF02253	944	0	944
RF02254	6	0	6
RF02255	10	0	10
RF02256	6	0	6
RF02257	9	0	9
RF02258	7	1	6
RF02259	5	0	5
RF02260	115	0	115
RF02261	94	0	94
RF02262	94	0	94
RF02263	142	0	142
RF02264	111	0	111
RF02265	118	0	118
RF02266	55	0	55
RF02267	36	0	36
RF02268	31	0	31
RF02269	34	0	34
RF02270	10	0	10
RF02271	75164	1	75163
RF02272	36	0	36
RF02273	13	0	13
RF02274	14	0	14
RF02275	268	0	268
RF02276	227	0	227
RF02277	51	1	50
RF02278	630	2	628
RF02279	3	0	3
RF02280	4	0	4
RF02281	5	0	5
RF02282	3	0	3
RF02283	5	0	5
RF02284	3	0	3
RF02285	4	0	4
RF02286	3	0	3
RF02287	6	0	6
RF02288	5	0	5
RF02289	3	0	3
RF02290	3	0	3
RF02291	4	0	4
RF02292	3	0	3
RF02293	3	0	3
RF02294	4	0	4
RF02295	4	0	4
RF02296	3	0	3
RF02297	4	0	4
RF02298	3	0	3
RF02299	3	0	3
RF02300	3	0	3
RF02301	5	0	5
RF02302	4	0	4
RF02303	3	0	3
RF02304	3	0	3
RF02305	3	0	3
RF02306	4	0	4
RF02307	3	0	3
RF02308	3	0	3
RF02309	3	0	3
RF02310	4	0	4
RF02311	4	0	4
RF02312	3	0	3
RF02313	3	0	3
RF02314	4	0	4
RF02315	5	0	5
RF02316	5	1	4
RF02317	4	0	4
RF02318	3	0	3
RF02319	3	0	3
RF02320	3	0	3
RF02321	4	0	4
RF02322	3	0	3
RF02323	3	0	3
RF02324	4	0	4
RF02325	4	0	4
RF02326	3	0	3
RF02327	3	0	3
RF02328	3	1	2
RF02329	3	0	3
RF02330	4	0	4
RF02331	3	0	3
RF02332	3	0	3
RF02333	3	0	3
RF02334	3	1	2
RF02335	5	0	5
RF02336	4	0	4
RF02337	5	0	5
RF02338	5	0	5
RF02339	6	0	6
RF02340	94	0	94
RF02341	64	0	64
RF02342	130	1	129
RF02343	151	0	151
RF02344	616	1	615
RF02345	302	2	300
RF02346	194	0	194
RF02347	247	0	247
RF02348	80	0	80
RF02349	84	0	84
RF02350	7	0	7
RF02351	6	0	6
RF02353	50	0	50
RF02354	44	0	44
RF02355	74	0	74
RF02356	190	0	190
RF02357	18	0	18
RF02358	5	0	5
RF02359	6	1	5
RF02360	6	0	6
RF02362	9	0	9
RF02363	6	0	6
RF02364	9	0	9
RF02365	5	0	5
RF02366	7	0	7
RF02367	8	0	8
RF02368	3	0	3
RF02369	14	0	14
RF02370	16	0	16
RF02371	24	0	24
RF02372	21	0	21
RF02373	86	0	86
RF02374	9	0	9
RF02375	43	0	43
RF02376	115	0	115
RF02377	9	0	9
RF02378	8	0	8
RF02379	122	0	122
RF02384	19	0	19
RF02385	21	0	21
RF02386	5	0	5
RF02387	4	0	4
RF02388	4	0	4
RF02389	4	0	4
RF02390	3	0	3
RF02392	5	0	5
RF02393	11	0	11
RF02394	4	0	4
RF02395	5	0	5
RF02396	66	0	66
RF02397	4	0	4
RF02398	3	0	3
RF02399	507	0	507
RF02400	28	0	28
RF02401	104	1	103
RF02402	109	0	109
RF02403	18	0	18
RF02404	5	0	5
RF02405	63	0	63
RF02406	24	0	24
RF02407	98	0	98
RF02408	20	0	20
RF02409	16	2	14
RF02410	175	0	175
RF02411	99	0	99
RF02412	19	0	19
RF02413	110	0	110
RF02414	34	0	34
RF02415	13	0	13
RF02416	3	0	3
RF02417	4	0	4
RF02418	6	0	6
RF02419	69	0	69
RF02420	65	0	65
RF02421	172	0	172
RF02422	75	0	75
RF02423	74	0	74
RF02424	53	0	53
RF02425	20	0	20
RF02426	9	0	9
RF02427	6	0	6
RF02428	7	0	7
RF02429	7	0	7
RF02430	7	0	7
RF02431	31	0	31
RF02432	35	0	35
RF02433	9	0	9
RF02434	26	0	26
RF02435	18	0	18
RF02436	16	0	16
RF02437	20	1	19
RF02438	16	0	16
RF02439	3	0	3
RF02440	550	1	549
RF02441	7	0	7
RF02442	54	1	53
RF02443	5	0	5
RF02444	9	0	9
RF02445	8	0	8
RF02446	98	0	98
RF02447	46	0	46
RF02448	10	0	10
RF02449	64	0	64
RF02450	8	0	8
RF02451	24	0	24
RF02452	108	0	108
RF02453	7	0	7
RF02454	12	0	12
RF02455	2	0	2
RF02456	2	0	2
RF02457	10	0	10
RF02458	5	0	5
RF02459	11	0	11
RF02460	2	0	2
RF02461	3	0	3
RF02462	190	1	189
RF02463	109	0	109
RF02464	100	0	100
RF02465	81	0	81
RF02466	101	0	101
RF02467	35	0	35
RF02468	8	0	8
RF02469	250	0	250
RF02470	42	0	42
RF02471	564	0	564
RF02472	2	0	2
RF02473	4	0	4
RF02474	4	0	4
RF02475	5	0	5
RF02476	5	0	5
RF02477	4	0	4
RF02478	4	0	4
RF02479	5	0	5
RF02480	4	0	4
RF02481	5	0	5
RF02482	5	0	5
RF02483	5	0	5
RF02484	5	0	5
RF02485	5	0	5
RF02486	4	0	4
RF02487	6	0	6
RF02488	5	0	5
RF02489	5	0	5
RF02490	4	0	4
RF02491	4	0	4
RF02492	4	0	4
RF02493	4	0	4
RF02494	4	0	4
RF02495	37	0	37
RF02496	168	0	168
RF02497	6	0	6
RF02498	4	0	4
RF02499	4	0	4
RF02500	198	1	197
RF02501	50	0	50
RF02502	194	0	194
RF02503	75	0	75
RF02504	15	0	15
RF02505	6	0	6
RF02506	59	0	59
RF02507	16	0	16
RF02508	4	0	4
RF02509	93	0	93
RF02510	390	1	389
RF02511	5	0	5
RF02512	34	0	34
RF02513	7	0	7
RF02514	2655	21	2634
RF02515	2	0	2
RF02516	389	0	389
RF02517	18	0	18
RF02518	4	0	4
RF02519	7	0	7
RF02520	103	0	103
RF02521	3	0	3
RF02522	3	0	3
RF02523	89	0	89
RF02524	12	0	12
RF02525	4	0	4
RF02526	38	0	38
RF02527	6	0	6
RF02528	18	0	18
RF02529	4	0	4
RF02530	14	3	11
RF02531	45	0	45
RF02532	10	0	10
RF02533	3	0	3
RF02534	22	0	22
RF02535	107	0	107
RF02536	3	0	3
RF02537	3	0	3
RF02538	3	0	3
RF02539	404	2	402
RF02540	1443	74	1369
RF02541	25446	983	24463
RF02542	399	24	375
RF02543	33318	1444	31874
RF02544	39	0	39
RF02545	16	0	16
RF02546	19	0	19
RF02547	7	0	7
RF02548	24	0	24
RF02550	5	0	5
RF02551	64	0	64
RF02552	60	0	60
RF02553	124	0	124
RF02554	2	0	2
RF02555	7	0	7
RF02556	45	0	45
RF02557	3	0	3
RF02558	3	0	3
RF02559	3	0	3
RF02560	3	0	3
RF02561	3	0	3
RF02562	3	0	3
RF02563	21	0	21
RF02564	170	0	170
RF02565	4	0	4
RF02566	115	0	115
RF02567	6	0	6
RF02568	3	0	3
RF02569	9	0	9
RF02570	4	0	4
RF02571	3	0	3
RF02572	4	0	4
RF02573	4	0	4
RF02574	5	0	5
RF02575	5	0	5
RF02576	6	0	6
RF02577	109	0	109
RF02578	19	0	19
RF02579	2	0	2
RF02580	21	0	21
RF02581	5	0	5
RF02582	3	0	3
RF02583	7	0	7
RF02584	31	0	31
RF02589	13	0	13
RF02590	6	0	6
RF02591	5	0	5
RF02592	71	0	71
RF02593	12	0	12
RF02594	16	0	16
RF02595	34	0	34
RF02596	31	0	31
RF02597	5	1	4
RF02598	73	0	73
RF02599	4	0	4
RF02600	26	0	26
RF02601	5	0	5
RF02602	4	0	4
RF02603	3	0	3
RF02604	4	0	4
RF02605	185	0	185
RF02606	15	0	15
RF02607	3	0	3
RF02608	28	0	28
RF02609	3	0	3
RF02610	5	0	5
RF02611	5	0	5
RF02612	4	0	4
RF02613	5	0	5
RF02614	3	0	3
RF02615	3	0	3
RF02616	13	0	13
RF02617	52	0	52
RF02618	9	0	9
RF02619	4	0	4
RF02620	4	0	4
RF02621	4	0	4
RF02622	3	0	3
RF02623	3	0	3
RF02624	3	0	3
RF02625	125	0	125
RF02626	5	0	5
RF02627	2	0	2
RF02628	30	0	30
RF02629	2	0	2
RF02630	3	0	3
RF02631	6	0	6
RF02632	3	0	3
RF02633	3	0	3
RF02634	4	0	4
RF02635	5	0	5
RF02636	6	0	6
RF02637	5	0	5
RF02638	2	0	2
RF02639	7	0	7
RF02640	5	0	5
RF02641	7	0	7
RF02642	3	0	3
RF02643	10	0	10
RF02644	10	0	10
RF02645	176	0	176
RF02646	92	0	92
RF02647	149	0	149
RF02648	19	0	19
RF02649	17	0	17
RF02650	4	0	4
RF02651	3	0	3
RF02652	10	0	10
RF02653	2	0	2
RF02654	37	2	35
RF02655	6	0	6
RF02656	144	0	144
RF02657	27	1	26
RF02658	2	0	2
RF02659	3	0	3
RF02660	4	0	4
RF02661	4	0	4
RF02662	4	0	4
RF02663	5	0	5
RF02664	11	0	11
RF02665	14	0	14
RF02666	8	0	8
RF02667	14	0	14
RF02668	13	0	13
RF02669	12	0	12
RF02670	6	0	6
RF02671	4	0	4
RF02672	18	0	18
RF02673	294	1	293
RF02674	212	0	212
RF02675	6	0	6
RF02676	3	0	3
RF02677	29	0	29
RF02678	157	0	157
RF02679	75	0	75
RF02680	116	1	115
RF02681	113	0	113
RF02682	3053	1	3052
RF02683	480	1	479
RF02684	229	1	228
RF02685	58	0	58
RF02686	2	0	2
RF02687	72	0	72
RF02688	71	0	71
RF02689	10	0	10
RF02690	17	0	17
RF02691	18	0	18
RF02692	63	0	63
RF02693	6	0	6
RF02694	11	0	11
RF02695	41	0	41
RF02696	7	0	7
RF02697	6	0	6
RF02698	2	0	2
RF02699	2	0	2
RF02700	16	0	16
RF02701	59	0	59
RF02702	6	0	6
RF02703	11	0	11
RF02704	3	0	3
RF02705	22	0	22
RF02706	16	0	16
RF02707	21	0	21
RF02708	7	0	7
RF02709	6	0	6
RF02710	3	0	3
RF02711	7	0	7
RF02712	6	0	6
RF02713	11	0	11
RF02714	17	0	17
RF02715	12	1	11
RF02716	6	0	6
RF02717	4	0	4
RF02718	16	0	16
RF02719	3	0	3
RF02720	5	0	5
RF02721	14	0	14
RF02722	7	0	7
RF02723	73	0	73
RF02724	41	0	41
RF02725	36	0	36
RF02726	11	0	11
RF02727	14	0	14
RF02728	20	0	20
RF02729	4	0	4
RF02730	6	0	6
RF02731	16	0	16
RF02732	20	0	20
RF02733	4	0	4
RF02734	3	0	3
RF02735	465	1	464
RF02736	49	0	49
RF02737	4	0	4
RF02738	11	0	11
RF02739	4	0	4
RF02740	8	0	8
RF02741	5	0	5
RF02742	4	0	4
RF02743	35	0	35
RF02744	117	0	117
RF02745	6	0	6
RF02746	68	0	68
RF02747	6	0	6
RF02748	8	0	8
RF02749	7	0	7
RF02750	20	0	20
RF02751	54	0	54
RF02752	17	0	17
RF02753	6	0	6
RF02754	8	0	8
RF02755	29	0	29
RF02756	8	0	8
RF02757	35	0	35
RF02758	5	0	5
RF02759	4	0	4
RF02760	4	0	4
RF02761	4	0	4
RF02762	4	0	4
RF02763	3	0	3
RF02764	13	0	13
RF02765	8	0	8
RF02766	6	0	6
RF02767	7	0	7
RF02768	112	0	112
RF02769	3	0	3
RF02770	126	0	126
RF02771	4	0	4
RF02772	6	0	6
RF02773	70	0	70
RF02774	7	0	7
RF02775	7	0	7
RF02776	3	0	3
RF02777	4	0	4
RF02778	18	0	18
RF02779	8	0	8
RF02780	6	0	6
RF02781	7	0	7
RF02782	145	0	145
RF02783	36	0	36
RF02784	279	0	279
RF02785	15	0	15
RF02786	54	0	54
RF02787	27	0	27
RF02788	55	0	55
RF02789	34	0	34
RF02790	175	0	175
RF02791	10	0	10
RF02792	8	0	8
RF02793	7	0	7
RF02794	15	0	15
RF02795	10	0	10
RF02796	14	0	14
RF02797	44	1	43
RF02798	11	0	11
RF02799	5	0	5
RF02800	29	1	28
RF02801	13	0	13
RF02802	7	0	7
RF02803	40	0	40
RF02804	7	0	7
RF02805	7	0	7
RF02806	6	0	6
RF02807	9	0	9
RF02808	10	0	10
RF02809	7	0	7
RF02810	4	0	4
RF02811	4	0	4
RF02812	76	0	76
RF02813	5	0	5
RF02814	18	0	18
RF02815	5	0	5
RF02816	7	0	7
RF02818	55	0	55
RF02819	73	0	73
RF02820	129	0	129
RF02821	5	0	5
RF02822	191	0	191
RF02823	141	0	141
RF02824	12	0	12
RF02825	10	0	10
RF02826	42	0	42
RF02827	67	0	67
RF02828	136	0	136
RF02829	179	0	179
RF02830	178	0	178
RF02831	167	0	167
RF02832	164	0	164
RF02833	80	0	80
RF02834	20	0	20
RF02835	156	0	156
RF02836	94	0	94
RF02837	340	1	339
RF02838	13	0	13
RF02839	10	0	10
RF02840	203	0	203
RF02841	13	0	13
RF02842	12	1	11
RF02843	9	0	9
RF02844	17	0	17
RF02845	8	0	8
RF02846	50	0	50
RF02847	23	0	23
RF02848	43	0	43
RF02849	11	0	11
RF02850	137	1	136
RF02851	12	0	12
RF02852	5	0	5
RF02853	6	0	6
RF02854	7	0	7
RF02855	99	0	99
RF02856	9	0	9
RF02857	3	0	3
RF02858	8	0	8
RF02859	9	0	9
RF02860	14	0	14
RF02861	14	0	14
RF02862	51	0	51
RF02863	85	0	85
RF02864	50	2	48
RF02865	56	0	56
RF02866	59	0	59
RF02867	55	0	55
RF02868	7	0	7
RF02869	56	0	56
RF02870	17	0	17
RF02871	95	0	95
RF02872	61	0	61
RF02873	8	0	8
RF02874	17	0	17
RF02875	11	0	11
RF02876	8	0	8
RF02877	56	0	56
RF02878	16	1	15
RF02879	14	0	14
RF02880	7	0	7
RF02881	7	0	7
RF02882	12	0	12
RF02883	51	0	51
RF02884	56	1	55
RF02885	33	0	33
RF02886	41	0	41
RF02887	30	0	30
RF02888	7	0	7
RF02889	3	0	3
RF02890	2	0	2
RF02891	26	0	26
RF02892	6	0	6
RF02893	224	0	224
RF02894	67	0	67
RF02895	43	0	43
RF02896	28	0	28
RF02897	26	0	26
RF02898	32	0	32
RF02899	24	0	24
RF02900	14	0	14
RF02901	7	0	7
RF02902	139	0	139
RF02903	14	0	14
RF02904	15	0	15
RF02905	12	0	12
RF02906	4	0	4
RF02907	4	0	4
RF02908	20	0	20
RF02909	15	0	15
RF02911	30	0	30
RF02912	29	0	29
RF02913	2292	4	2288
RF02914	2037	3	2034
RF02915	113	0	113
RF02916	160	1	159
RF02917	27	0	27
RF02918	24	0	24
RF02919	34	0	34
RF02920	22	0	22
RF02921	195	0	195
RF02922	56	0	56
RF02923	70	0	70
RF02924	1599	3	1596
RF02925	293	0	293
RF02926	96	0	96
RF02927	15	0	15
RF02928	285	2	283
RF02929	513	0	513
RF02930	82	0	82
RF02931	153	0	153
RF02932	129	0	129
RF02933	36	0	36
RF02934	18	0	18
RF02935	284	0	284
RF02936	5	0	5
RF02937	154	0	154
RF02938	68	0	68
RF02939	9	0	9
RF02940	164	0	164
RF02941	27	0	27
RF02942	173	1	172
RF02943	46	0	46
RF02944	305	1	304
RF02945	30	0	30
RF02946	50	0	50
RF02947	32	0	32
RF02948	8	0	8
RF02949	14	0	14
RF02950	19	0	19
RF02951	181	0	181
RF02952	158	0	158
RF02953	76	0	76
RF02954	90	1	89
RF02955	99	0	99
RF02956	63	0	63
RF02957	553	0	553
RF02958	518	1	517
RF02959	31	0	31
RF02960	168	0	168
RF02961	45	0	45
RF02962	73	0	73
RF02963	13	0	13
RF02964	138	0	138
RF02965	186	1	185
RF02966	117	2	115
RF02967	160	0	160
RF02968	318	0	318
RF02969	365	0	365
RF02970	10	0	10
RF02971	50	0	50
RF02972	180	0	180
RF02973	85	0	85
RF02974	19	0	19
RF02975	298	1	297
RF02976	210	5	205
RF02977	84	0	84
RF02978	33	0	33
RF02979	8	0	8
RF02980	200	1	199
RF02981	31	0	31
RF02982	146	0	146
RF02983	9	0	9
RF02984	101	0	101
RF02985	17	0	17
RF02986	182	1	181
RF02987	631	0	631
RF02988	42	0	42
RF02989	30	0	30
RF02990	81	2	79
RF02991	54	0	54
RF02992	83	0	83
RF02993	93	0	93
RF02994	89	0	89
RF02995	52	0	52
RF02996	574	0	574
RF02997	13	0	13
RF02998	56	0	56
RF02999	304	3	301
RF03000	698	0	698
RF03001	211	1	210
RF03002	50	0	50
RF03003	258	0	258
RF03004	10	0	10
RF03005	138	0	138
RF03006	36	0	36
RF03007	26	0	26
RF03008	114	0	114
RF03009	42	0	42
RF03010	22	0	22
RF03011	25	0	25
RF03012	326	2	324
RF03013	195	0	195
RF03014	242	0	242
RF03015	225	1	224
RF03016	48	0	48
RF03017	24	0	24
RF03018	94	0	94
RF03019	116	0	116
RF03020	78	0	78
RF03021	162	0	162
RF03022	119	0	119
RF03023	31	0	31
RF03024	30	0	30
RF03025	50	0	50
RF03026	82	0	82
RF03027	66	0	66
RF03028	58	0	58
RF03029	11	0	11
RF03030	24	0	24
RF03031	136	0	136
RF03032	397	3	394
RF03033	32	0	32
RF03034	224	0	224
RF03035	12	0	12
RF03036	62	0	62
RF03037	92	0	92
RF03038	34	0	34
RF03039	188	0	188
RF03040	26	0	26
RF03041	22	0	22
RF03042	103	0	103
RF03043	24	0	24
RF03044	107	0	107
RF03045	28	0	28
RF03046	73	0	73
RF03047	18	0	18
RF03048	9	0	9
RF03049	22	0	22
RF03050	23	0	23
RF03051	8	0	8
RF03052	95	0	95
RF03053	43	0	43
RF03054	575	0	575
RF03055	33	0	33
RF03056	23	0	23
RF03057	558	1	557
RF03058	343	0	343
RF03059	243	0	243
RF03060	287	0	287
RF03061	36	0	36
RF03062	76	0	76
RF03063	229	0	229
RF03064	1775	9	1766
RF03065	260	0	260
RF03066	75	0	75
RF03067	720	0	720
RF03068	244	0	244
RF03069	349	2	347
RF03070	114	0	114
RF03071	271	0	271
RF03072	736	3	733
RF03073	23	0	23
RF03074	465	2	463
RF03075	254	0	254
RF03076	237	0	237
RF03077	210	0	210
RF03078	407	0	407
RF03079	49	2	47
RF03080	65	0	65
RF03081	281	0	281
RF03082	111	0	111
RF03083	8	0	8
RF03084	22	0	22
RF03085	312	0	312
RF03086	449	1	448
RF03087	316	1	315
RF03088	16	0	16
RF03089	15	0	15
RF03090	58	0	58
RF03091	11	0	11
RF03092	16	0	16
RF03093	9	0	9
RF03094	25	0	25
RF03095	7	0	7
RF03096	11	0	11
RF03097	38	0	38
RF03098	19	0	19
RF03099	11	0	11
RF03100	16	0	16
RF03101	27	0	27
RF03102	7	0	7
RF03103	24	0	24
RF03104	14	0	14
RF03105	26	0	26
RF03106	3	0	3
RF03107	10	0	10
RF03108	20	0	20
RF03109	19	1	18
RF03110	27	0	27
RF03111	12	0	12
RF03112	22	0	22
RF03113	6	0	6
RF03114	6	0	6
RF03115	57	0	57
RF03116	44	0	44
RF03117	39	0	39
RF03118	9	1	8
RF03119	14	2	12
RF03120	103	5	98
RF03121	45	0	45
RF03122	39	0	39
RF03123	10	0	10
RF03124	14	0	14
RF03125	97	1	96
RF03126	150	1	149
RF03127	422	0	422
RF03128	128	0	128
RF03129	168	0	168
RF03130	684	1	683
RF03131	506	0	506
RF03132	644	0	644
RF03133	102	1	101
RF03134	46	0	46
RF03135	463	3	460
RF03136	669	2	667
RF03137	114	0	114
RF03138	281	2	279
RF03139	288	0	288
RF03140	179	1	178
RF03141	436	4	432
RF03142	622	3	619
RF03143	300	1	299
RF03144	642	3	639
RF03145	15	0	15
RF03146	53	0	53
RF03147	150	0	150
RF03148	10	0	10
RF03149	24	0	24
RF03150	14	0	14
RF03151	42	0	42
RF03152	16	0	16
RF03153	15	0	15
RF03154	9	0	9
RF03155	137	0	137
RF03156	1148	0	1148
RF03157	1052	0	1052
RF03158	1487	3	1484
RF03159	44	0	44
RF03160	2721	1	2720
RF03161	1172	5	1167
RF03162	272	0	272
RF03163	457	0	457
RF03164	20	0	20
RF03165	89	0	89
RF03166	48	0	48
RF03167	843	1	842
RF03168	23	0	23
RF03169	641	3	638
RF03170	415	2	413
RF03171	4	0	4
RF03172	23	0	23
RF03173	10	0	10
RF03174	9	0	9
RF03175	26	0	26
RF03176	66	0	66
RF03177	3	0	3
RF03178	7	0	7
RF03179	11	0	11
RF03180	10	0	10
RF03181	8	0	8
RF03182	6	0	6
RF03183	17	0	17
RF03184	12	0	12
RF03185	11	0	11
RF03186	83	0	83
RF03187	15	0	15
RF03188	33	0	33
RF03189	89	0	89
RF03190	3	0	3
RF03191	6	0	6
RF03192	11	0	11
RF03193	10	0	10
RF03194	9	0	9
RF03195	8	0	8
RF03196	10	0	10
RF03197	3	0	3
RF03198	14	0	14
RF03199	22	0	22
RF03200	5	0	5
RF03201	8	0	8
RF03202	12	0	12
RF03203	11	0	11
RF03204	12	0	12
RF03205	41	0	41
RF03206	10	0	10
RF03207	13	0	13
RF03208	47	0	47
RF03209	31	0	31
RF03210	11	0	11
RF03211	7	0	7
RF03212	32	0	32
RF03213	37	0	37
RF03214	42	1	41
RF03215	18	0	18
RF03216	5	0	5
RF03217	9	0	9
RF03218	83	0	83
RF03219	7	0	7
RF03220	7	0	7
RF03221	13	0	13
RF03222	18	0	18
RF03223	4	0	4
RF03224	16	0	16
RF03225	9	0	9
RF03226	8	0	8
RF03227	117	0	117
RF03228	12	0	12
RF03229	28	0	28
RF03230	5	0	5
RF03231	12	0	12
RF03232	21	0	21
RF03233	6	0	6
RF03234	7	0	7
RF03235	10	0	10
RF03236	11	0	11
RF03237	14	0	14
RF03238	6	0	6
RF03239	4	0	4
RF03240	66	1	65
RF03241	37	0	37
RF03242	60	0	60
RF03243	10	0	10
RF03244	12	0	12
RF03246	6	0	6
RF03247	62	0	62
RF03248	22	0	22
RF03249	17	0	17
RF03251	14	0	14
RF03252	4	0	4
RF03253	11	0	11
RF03254	58	0	58
RF03255	83	0	83
RF03256	13	0	13
RF03257	7	0	7
RF03258	24	0	24
RF03259	6	0	6
RF03260	12	0	12
RF03261	45	0	45
RF03262	8	0	8
RF03263	4	0	4
RF03264	4	0	4
RF03265	46	0	46
RF03266	28	0	28
RF03267	8	0	8
RF03268	11	0	11
RF03269	11	0	11
RF03270	4	0	4
RF03271	32	0	32
RF03272	25	0	25
RF03274	11	0	11
RF03275	10	1	9
RF03276	4	0	4
RF03277	41	0	41
RF03278	81	0	81
RF03279	44	0	44
RF03280	19	0	19
RF03281	8	0	8
RF03283	16	0	16
RF03284	10	0	10
RF03285	11	0	11
RF03286	9	0	9
RF03287	44	0	44
RF03288	37	0	37
RF03289	11	0	11
RF03290	54	0	54
RF03291	12	0	12
RF03292	32	0	32
RF03293	10	0	10
RF03294	6	0	6
RF03295	6	0	6
RF03296	12	0	12
RF03297	10	0	10
RF03298	10	0	10
RF03299	89	0	89
RF03300	9	0	9
RF03301	37	0	37
RF03302	12	0	12
RF03303	9	0	9
RF03304	30	0	30
RF03305	8	0	8
RF03306	8	0	8
RF03307	10	0	10
RF03308	4	0	4
RF03309	10	0	10
RF03310	26	0	26
RF03311	28	0	28
RF03312	4	0	4
RF03313	28	0	28
RF03314	10	0	10
RF03315	24	0	24
RF03316	7	0	7
RF03317	3	0	3
RF03318	4	0	4
RF03319	58	0	58
RF03320	54	0	54
RF03321	15	0	15
RF03322	51	0	51
RF03323	36	0	36
RF03324	10	0	10
RF03325	39	0	39
RF03326	11	0	11
RF03327	13	0	13
RF03328	8	0	8
RF03329	16	0	16
RF03330	11	0	11
RF03331	4	0	4
RF03332	7	0	7
RF03333	35	0	35
RF03334	16	0	16
RF03335	18	0	18
RF03336	12	0	12
RF03337	10	0	10
RF03338	15	0	15
RF03339	5	0	5
RF03340	20	0	20
RF03341	8	0	8
RF03342	49	0	49
RF03343	7	0	7
RF03344	4	0	4
RF03345	5	0	5
RF03346	4	0	4
RF03347	56	0	56
RF03348	7	0	7
RF03349	10	0	10
RF03350	12	0	12
RF03351	3	0	3
RF03352	3	0	3
RF03353	45	0	45
RF03354	17	0	17
RF03355	5	0	5
RF03356	10	0	10
RF03357	18	0	18
RF03358	8	0	8
RF03359	50	0	50
RF03360	23	0	23
RF03361	12	0	12
RF03362	28	0	28
RF03363	9	0	9
RF03364	66	0	66
RF03365	13	0	13
RF03366	9	0	9
RF03367	4	0	4
RF03368	11	0	11
RF03369	15	0	15
RF03370	20	0	20
RF03371	11	0	11
RF03372	15	0	15
RF03373	7	0	7
RF03374	6	0	6
RF03375	10	0	10
RF03376	5	0	5
RF03377	4	0	4
RF03378	82	0	82
RF03379	20	0	20
RF03380	11	0	11
RF03381	60	0	60
RF03382	5	0	5
RF03383	12	0	12
RF03384	21	0	21
RF03385	9	0	9
RF03386	11	0	11
RF03387	39	0	39
RF03388	12	0	12
RF03389	9	0	9
RF03390	17	0	17
RF03391	8	0	8
RF03392	14	0	14
RF03393	7	0	7
RF03394	16	0	16
RF03395	20	0	20
RF03396	20	0	20
RF03397	10	0	10
RF03398	6	0	6
RF03399	9	0	9
RF03400	29	0	29
RF03401	12	0	12
RF03402	50	0	50
RF03403	17	0	17
RF03404	45	0	45
RF03405	19	0	19
RF03406	7	0	7
RF03407	51	0	51
RF03408	129	0	129
RF03409	8	0	8
RF03410	27	0	27
RF03411	28	0	28
RF03412	7	0	7
RF03413	4	0	4
RF03414	41	0	41
RF03416	11	0	11
RF03417	4	0	4
RF03418	19	0	19
RF03419	53	0	53
RF03420	12	0	12
RF03421	10	0	10
RF03422	8	0	8
RF03423	4	0	4
RF03424	3	0	3
RF03425	8	0	8
RF03426	8	0	8
RF03427	4	0	4
RF03428	11	0	11
RF03429	6	0	6
RF03430	34	0	34
RF03431	37	0	37
RF03432	6	0	6
RF03433	63	0	63
RF03434	12	0	12
RF03435	18	0	18
RF03436	46	0	46
RF03437	10	0	10
RF03438	7	0	7
RF03439	52	0	52
RF03440	14	0	14
RF03441	7	0	7
RF03442	12	0	12
RF03443	45	0	45
RF03444	15	0	15
RF03445	30	0	30
RF03446	46	0	46
RF03447	11	0	11
RF03448	12	0	12
RF03449	12	0	12
RF03450	6	0	6
RF03451	9	0	9
RF03452	8	0	8
RF03453	6	0	6
RF03454	12	0	12
RF03455	8	0	8
RF03456	35	0	35
RF03457	6	0	6
RF03458	12	0	12
RF03459	19	0	19
RF03460	6	0	6
RF03461	4	0	4
RF03462	20	0	20
RF03463	10	0	10
RF03464	15	0	15
RF03465	153	2	151
RF03466	59	0	59
RF03467	17	0	17
RF03468	6	0	6
RF03469	26	0	26
RF03470	75	0	75
RF03471	16	0	16
RF03472	12	0	12
RF03473	58	0	58
RF03474	11	0	11
RF03475	13	0	13
RF03476	36	0	36
RF03477	15	0	15
RF03478	9	0	9
RF03479	52	0	52
RF03480	34	0	34
RF03481	254	0	254
RF03482	10	0	10
RF03483	101	0	101
RF03484	3	0	3
RF03485	11	0	11
RF03486	11	0	11
RF03487	11	0	11
RF03488	8	0	8
RF03489	12	0	12
RF03490	51	0	51
RF03491	9	0	9
RF03492	6	0	6
RF03493	29	0	29
RF03494	29	0	29
RF03495	10	0	10
RF03496	11	0	11
RF03497	11	0	11
RF03498	10	0	10
RF03499	6	0	6
RF03500	12	0	12
RF03501	11	0	11
RF03502	9	0	9
RF03503	4	0	4
RF03504	13	1	12
RF03505	13	0	13
RF03506	12	0	12
RF03507	10	0	10
RF03508	64	0	64
RF03509	12	0	12
RF03510	37	0	37
RF03511	4	0	4
RF03512	11	0	11
RF03514	11	0	11
RF03516	10	0	10
RF03517	20	0	20
RF03518	33	0	33
RF03519	6	0	6
RF03520	38	0	38
RF03521	11	0	11
RF03522	9	0	9
RF03523	10	0	10
RF03524	10	0	10
RF03525	68	0	68
RF03526	25	0	25
RF03527	8	0	8
RF03528	41	0	41
RF03530	8	0	8
RF03531	62	0	62
RF03532	60	0	60
RF03533	7	0	7
RF03534	14	0	14
RF03535	4	0	4
RF03536	41	0	41
RF03537	19	0	19
RF03538	18	0	18
RF03539	6	0	6
RF03540	3	0	3
RF03541	17	0	17
RF03542	52	0	52
RF03543	24	0	24
RF03544	37	1	36
RF03545	20	0	20
RF03546	9	0	9
RF03547	70	0	70
RF03548	11	0	11
RF03549	3	0	3
RF03550	8	0	8
RF03552	12	0	12
RF03553	6	0	6
RF03554	6	0	6
RF03555	9	0	9
RF03556	10	0	10
RF03557	3	0	3
RF03558	8	0	8
RF03559	4	0	4
RF03560	14	0	14
RF03561	58	0	58
RF03562	3	0	3
RF03563	5	0	5
RF03564	5	0	5
RF03565	51	0	51
RF03566	4	0	4
RF03567	379	0	379
RF03568	18	0	18
RF03569	10	0	10
RF03570	15	0	15
RF03571	3	0	3
RF03572	4	0	4
RF03573	4	0	4
RF03574	3	0	3
RF03575	7	0	7
RF03576	12	0	12
RF03577	3296	0	3296
RF03578	8	0	8
RF03579	3	0	3
RF03580	5	0	5
RF03581	3	0	3
RF03582	6	0	6
RF03583	7	0	7
RF03584	5	0	5
RF03585	6	0	6
RF03586	4	0	4
RF03587	12	0	12
RF03588	6	0	6
RF03589	13	0	13
RF03590	4	0	4
RF03591	10	0	10
RF03592	17	0	17
RF03593	4	0	4
RF03594	4	0	4
RF03595	5	0	5
RF03596	8	0	8
RF03597	11	0	11
RF03598	7	0	7
RF03599	5	0	5
RF03600	9	0	9
RF03601	23	0	23
RF03602	8	0	8
RF03603	5	0	5
RF03604	5	0	5
RF03605	4	0	4
RF03606	3	0	3
RF03607	7	0	7
RF03608	359	0	359
RF03609	4	0	4
RF03610	6	0	6
RF03611	4	0	4
RF03612	9	0	9
RF03613	13	0	13
RF03614	3	0	3
RF03615	3	0	3
RF03616	22	0	22
RF03617	14	0	14
RF03618	4	0	4
RF03619	10	0	10
RF03620	117	0	117
RF03621	6	0	6
RF03622	12	0	12
RF03623	12	0	12
RF03624	6	0	6
RF03625	4033	4	4029
RF03626	8	0	8
RF03627	4	0	4
RF03628	29	0	29
RF03629	7	0	7
RF03630	949	0	949
RF03631	5	0	5
RF03632	105	2	103
RF03633	12	0	12
RF03634	4	0	4
RF03635	3	0	3
RF03636	8	0	8
RF03637	10	0	10
RF03638	10	0	10
RF03639	12	0	12
RF03640	7	0	7
RF03641	5	0	5
RF03642	4	0	4
RF03643	3	0	3
RF03644	3	0	3
RF03645	4	0	4
RF03646	4	0	4
RF03647	4	0	4
RF03648	4	0	4
RF03649	34	0	34
RF03650	24	0	24
RF03651	3	0	3
RF03652	4	0	4
RF03653	45	0	45
RF03654	4	0	4
RF03655	4	0	4
RF03656	5	0	5
RF03657	29	0	29
RF03658	4	0	4
RF03659	17	0	17
RF03660	4	0	4
RF03661	12	0	12
RF03662	908	2	906
RF03663	20	0	20
RF03664	46	0	46
RF03665	103	0	103
RF03666	4	0	4
RF03667	4	0	4
RF03668	66	0	66
RF03669	8	0	8
RF03670	4	0	4
RF03671	4	0	4
RF03672	4	0	4
RF03673	556	0	556
RF03674	970	0	970
RF03675	4	0	4
RF03676	309	4	305
RF03677	11	0	11
RF03678	4	0	4
RF03679	4	0	4
RF03680	11	0	11
RF03681	11	0	11
RF03682	9	0	9
RF03683	3	0	3
RF03684	6	0	6
RF03685	6	0	6
RF03686	6	0	6
RF03687	5	0	5
RF03688	5	0	5
RF03689	5	0	5
RF03690	897	1	896
RF03691	59	0	59
RF03692	36	0	36
RF03693	18	0	18
RF03694	35	0	35
RF03695	621	1	620
RF03696	3	0	3
RF03697	32	0	32
RF03698	23	0	23
RF03699	6	0	6
RF03700	48	0	48
RF03701	4	0	4
RF03702	4	0	4
RF03703	12	0	12
RF03704	10	0	10
RF03705	15	0	15
RF03706	8	0	8
RF03707	9	0	9
RF03709	22	0	22
RF03710	48	0	48
RF03711	4	0	4
RF03712	43	0	43
RF03713	7	0	7
RF03714	8	0	8
RF03715	4	0	4
RF03716	44	0	44
RF03717	18	0	18
RF03718	122	0	122
RF03719	12	0	12
RF03720	4	0	4
RF03721	7	0	7
RF03722	6	0	6
RF03723	3	0	3
RF03724	6	0	6
RF03725	4	0	4
RF03726	6	0	6
RF03727	7	0	7
RF03728	3	0	3
RF03729	4	0	4
RF03730	4	0	4
RF03731	20	0	20
RF03732	3	0	3
RF03733	5	0	5
RF03734	10	0	10
RF03735	4	0	4
RF03736	8	0	8
RF03737	4	0	4
RF03738	5	0	5
RF03739	13	0	13
RF03740	7	0	7
RF03741	36	0	36
RF03742	9	0	9
RF03743	8	0	8
RF03744	7	0	7
RF03745	3	0	3
RF03746	4	0	4
RF03747	17	0	17
RF03748	6	0	6
RF03749	1173	3	1170
RF03750	5	0	5
RF03751	6	0	6
RF03752	105	0	105
RF03753	4	0	4
RF03754	11	0	11
RF03755	4	0	4
RF03756	3	0	3
RF03757	4	0	4
RF03758	6	0	6
RF03759	101	0	101
RF03760	29	0	29
RF03761	4	0	4
RF03762	4	0	4
RF03763	7	0	7
RF03764	8	0	8
RF03765	3	0	3
RF03766	12	0	12
RF03767	7	0	7
RF03768	52	1	51
RF03769	6	0	6
RF03770	8	0	8
RF03771	8	0	8
RF03772	4	0	4
RF03773	3	0	3
RF03774	6	0	6
RF03775	7	0	7
RF03776	3	0	3
RF03777	10	0	10
RF03778	36	0	36
RF03779	66	0	66
RF03780	149	0	149
RF03781	14	0	14
RF03782	50	0	50
RF03783	3	0	3
RF03784	6	0	6
RF03785	4	0	4
RF03786	4	0	4
RF03787	4	0	4
RF03788	5	0	5
RF03789	373	0	373
RF03790	139	0	139
RF03791	6	0	6
RF03792	20	0	20
RF03793	6	0	6
RF03794	273	0	273
RF03795	7	0	7
RF03796	4	0	4
RF03797	3	0	3
RF03798	4	0	4
RF03799	16	0	16
RF03800	89	0	89
RF03801	4	0	4
RF03802	4	0	4
RF03803	632	0	632
RF03804	10	0	10
RF03805	3	0	3
RF03806	4	0	4
RF03807	3	0	3
RF03808	6	0	6
RF03809	9	0	9
RF03810	5	0	5
RF03811	4	0	4
RF03812	5	0	5
RF03813	233	1	232
RF03814	8	0	8
RF03815	4	0	4
RF03816	30	0	30
RF03817	6	0	6
RF03818	5	0	5
RF03819	12	0	12
RF03820	4	0	4
RF03821	4	0	4
RF03822	5	0	5
RF03823	4	0	4
RF03824	198	0	198
RF03825	4	0	4
RF03826	4	0	4
RF03827	7	0	7
RF03828	4	0	4
RF03829	12	0	12
RF03830	5	0	5
RF03831	11	0	11
RF03832	6	0	6
RF03833	4144	23	4121
RF03834	13	0	13
RF03835	9	0	9
RF03836	7	0	7
RF03837	8	0	8
RF03838	63	0	63
RF03839	88	0	88
RF03840	98	0	98
RF03841	11	0	11
RF03842	247	0	247
RF03843	59	0	59
RF03844	14	0	14
RF03845	7	0	7
RF03846	3	0	3
RF03847	11	0	11
RF03848	4	0	4
RF03849	9	0	9
RF03850	4	0	4
RF03851	14	0	14
RF03852	9	0	9
RF03853	6	0	6
RF03854	6	0	6
RF03855	16	0	16
RF03856	7	0	7
RF03857	6	0	6
RF03858	5	0	5
RF03859	15	0	15
RF03860	1797	3	1794
RF03861	11	0	11
RF03862	4	0	4
RF03863	16	2	14
RF03864	7	0	7
RF03865	4	0	4
RF03866	5	0	5
RF03867	4	0	4
RF03868	6	0	6
RF03869	571	0	571
RF03870	8	0	8
RF03871	8	0	8
RF03872	16	0	16
RF03873	10	0	10
RF03874	3833	2	3831
RF03875	242	0	242
RF03876	5	0	5
RF03877	10	0	10
RF03878	6	0	6
RF03879	4	0	4
RF03880	4	0	4
RF03881	9	0	9
RF03882	4	0	4
RF03883	13	0	13
RF03884	6	0	6
RF03885	4	0	4
RF03886	3	0	3
RF03887	11	0	11
RF03888	12	0	12
RF03889	12	0	12
RF03890	4	0	4
RF03891	12	0	12
RF03892	3	0	3
RF03893	3	0	3
RF03894	4	0	4
RF03895	28	0	28
RF03896	310	1	309
RF03897	6	0	6
RF03898	4	0	4
RF03899	5	0	5
RF03900	570	0	570
RF03901	5	0	5
RF03902	5	0	5
RF03903	5	1	4
RF03904	44	0	44
RF03905	5	0	5
RF03906	8	0	8
RF03907	8	0	8
RF03908	6	0	6
RF03909	4	0	4
RF03910	6	0	6
RF03911	11	0	11
RF03912	20	0	20
RF03913	5	0	5
RF03914	6	0	6
RF03915	193	0	193
RF03916	8	0	8
RF03917	9	0	9
RF03918	4	0	4
RF03919	4	0	4
RF03920	6	0	6
RF03921	15	0	15
RF03922	17	0	17
RF03923	4	0	4
RF03924	12	0	12
RF03925	7	0	7
RF03926	1065	10	1055
RF03927	6	0	6
RF03929	4	0	4
RF03930	9	0	9
RF03931	3	0	3
RF03932	42	0	42
RF03933	6	0	6
RF03934	6	0	6
RF03935	39	0	39
RF03936	8	0	8
RF03937	10	0	10
RF03938	8	0	8
RF03939	7	0	7
RF03940	3497	2	3495
RF03941	12	0	12
RF03942	4	0	4
RF03943	4	0	4
RF03944	27	0	27
RF03945	3	0	3
RF03946	11	0	11
RF03947	18	0	18
RF03948	3	0	3
RF03949	8	0	8
RF03950	3	0	3
RF03951	5	0	5
RF03952	8	0	8
RF03953	6	0	6
RF03954	5	0	5
RF03955	4	0	4
RF03956	42	0	42
RF03957	8	0	8
RF03958	14	0	14
RF03959	5	0	5
RF03960	6	0	6
RF03961	4	0	4
RF03962	14	0	14
RF03963	4	0	4
RF03964	6	0	6
RF03965	3	0	3
RF03966	7	0	7
RF03967	27	0	27
RF03968	3	0	3
RF03969	161	0	161
RF03970	6	0	6
RF03971	4	0	4
RF03972	8	0	8
RF03973	4	0	4
RF03974	4	0	4
RF03975	8	0	8
RF03976	5	0	5
RF03977	4	0	4
RF03978	6	0	6
RF03979	4	0	4
RF03980	3	0	3
RF03981	4767	5	4762
RF03982	3	0	3
RF03983	151	0	151
RF03984	17	0	17
RF03985	2	0	2
RF03986	3	0	3
RF03987	2	0	2
RF03988	2	0	2
RF03989	2	0	2
RF03990	2	0	2
RF03991	3	0	3
RF03992	2	0	2
RF03993	2	0	2
RF03994	2	0	2
RF03995	4	0	4
RF03996	2	0	2
RF03997	7	0	7
RF03998	2	0	2
RF03999	2	0	2
RF04000	4	0	4
RF04001	6	0	6
RF04002	2	0	2
RF04003	2	0	2
RF04004	2	0	2
RF04005	2	0	2
RF04006	3	0	3
RF04007	2	0	2
RF04008	2	0	2
RF04009	6	0	6
RF04010	2	0	2
RF04011	2	0	2
RF04012	2	0	2
RF04013	2	0	2
RF04014	2	0	2
RF04015	2	0	2
RF04016	2	0	2
RF04017	2	0	2
RF04018	2	0	2
RF04019	3	0	3
RF04020	2	0	2
RF04021	14780	107	14673
RF04022	2	0	2
RF04023	2	0	2
RF04024	2	0	2
RF04025	2	0	2
RF04026	2	0	2
RF04027	18	0	18
RF04028	3	0	3
RF04029	15	0	15
RF04030	2	0	2
RF04031	2	0	2
RF04032	4001	1	4000
RF04033	2	0	2
RF04035	2	0	2
RF04036	2	0	2
RF04037	3	0	3
RF04038	2	0	2
RF04039	2	0	2
RF04040	2	0	2
RF04041	2	0	2
RF04042	2	0	2
RF04043	2	0	2
RF04044	10	0	10
RF04045	5	0	5
RF04046	2	0	2
RF04047	2	0	2
RF04048	5	0	5
RF04049	2	1	1
RF04050	2	0	2
RF04051	2	0	2
RF04052	26	0	26
RF04053	109	0	109
RF04054	52	0	52
RF04055	9	0	9
RF04056	12	0	12
RF04057	6	0	6
RF04059	8	0	8
RF04060	10	0	10
RF04061	7	0	7
RF04062	3	0	3
RF04063	661	1	660
RF04064	204	2	202
RF04065	3	0	3
RF04066	12	0	12
RF04067	11	0	11
RF04068	13	0	13
RF04069	11	0	11
RF04070	16	0	16
RF04071	26	0	26
RF04072	52	0	52
RF04073	23	0	23
RF04074	28	0	28
RF04075	10	0	10
RF04076	56	0	56
RF04077	21	0	21
RF04078	117	0	117
RF04079	14	0	14
RF04080	33	0	33
RF04081	4	0	4
RF04082	14	0	14
RF04083	30	0	30
RF04084	11	0	11
RF04085	42	0	42
RF04087	1910	0	1910
RF04088	58340	428	57912
RF04089	5	0	5
RF04090	37	0	37
RF04091	55	0	55
RF04092	7	0	7
RF04093	51	0	51
RF04094	7	0	7
RF04095	33	0	33
RF04096	14	0	14
RF04097	311	1	310
RF04098	4	0	4
RF04099	4	0	4
RF04100	48	0	48
RF04101	7	0	7
RF04102	16	0	16
RF04103	4	0	4
RF04104	4	0	4
RF04105	10	0	10
RF04106	7	0	7
RF04107	4	0	4
RF04108	11	0	11
RF04109	20	0	20
RF04110	77	0	77
RF04111	64	0	64
RF04112	16	0	16
RF04113	6	0	6
RF04114	65	0	65
RF04115	10	0	10
RF04116	6	0	6
RF04117	44	0	44
RF04118	4	0	4
RF04119	23	1	22
RF04120	4	0	4
RF04121	21	0	21
RF04122	15	0	15
RF04123	10	0	10
RF04124	464	0	464
RF04125	6	0	6
RF04126	35	0	35
RF04127	62	0	62
RF04128	39	0	39
RF04129	4	0	4
RF04130	116	0	116
RF04131	5	0	5
RF04132	34	0	34
RF04133	11	0	11
RF04134	1775	1	1774
RF04135	9	0	9
RF04136	86	0	86
RF04137	4	0	4
RF04138	3	0	3
RF04139	8	0	8
RF04140	28	0	28
RF04141	80	0	80
RF04142	70	0	70
RF04143	4	0	4
RF04144	7	0	7
RF04145	8	0	8
RF04146	12	0	12
RF04147	11	0	11
RF04148	5	0	5
RF04149	6	0	6
RF04150	470	5	465
RF04151	98	1	97
RF04152	119	0	119
RF04153	4	0	4
RF04154	35	0	35
RF04155	212	0	212
RF04156	194	0	194
RF04157	4	0	4
RF04158	46	0	46
RF04159	6	0	6
RF04160	4	0	4
RF04161	20	0	20
RF04162	7	0	7
RF04163	2096	0	2096
RF04164	30	0	30
RF04165	17	0	17
RF04166	9	0	9
RF04167	16	0	16
RF04168	4	0	4
RF04169	21	0	21
RF04170	4	0	4
RF04171	23	0	23
RF04172	34	0	34
RF04173	4	0	4
RF04174	10	0	10
RF04175	34	0	34
RF04176	5	0	5
RF04177	10	0	10
RF04178	5	0	5
RF04179	39	0	39
RF04180	28	1	27
RF04181	26	0	26
RF04182	33	2	31
RF04183	642	3	639
RF04184	13	0	13
RF04185	3	0	3
RF04186	3	0	3
RF04187	4	0	4
RF04188	81	1	80
RF04189	18	0	18
RF04190	86	0	86
RF04191	48	0	48
RF04192	37	0	37
RF04193	12	0	12
RF04194	52	0	52
RF04195	200	0	200
RF04196	4	0	4
RF04197	4	0	4
RF04198	6	0	6
RF04199	5	0	5
RF04200	280	0	280
RF04201	10	0	10
RF04202	6	0	6
RF04203	2	1	1
RF04204	186	0	186
RF04205	220	2	218
RF04206	32	0	32
RF04207	7	0	7
RF04208	8	0	8
RF04209	2	0	2
RF04210	252	0	252
RF04211	50	0	50
RF04212	9	0	9
RF04213	2	0	2
RF04214	8	0	8
RF04215	62	0	62
RF04216	158	0	158
RF04217	15	0	15
RF04218	58	1	57
RF04219	58	3	55
RF04220	58	5	53
RF04221	58	4	54
RF04222	84	2	82
RF04223	1175	3	1172
RF04224	11551	0	11551
RF04225	17681	3	17678
RF04226	96	0	96
RF04227	9	0	9
RF04228	4	0	4
RF04229	4	0	4
RF04230	3	0	3
RF04231	2	0	2
RF04232	2	0	2
RF04233	197	0	197
RF04234	87	0	87
RF04235	16	0	16
RF04236	106	8	98
RF04237	6	0	6
RF04238	4	0	4
RF04239	10	0	10
RF04240	16	0	16
RF04241	18	0	18
RF04242	4	0	4
RF04243	6	0	6
RF04244	60	0	60
RF04245	5	0	5
RF04246	7	0	7
RF04247	505	0	505
RF04248	4185	7	4178
RF04249	69	0	69
RF04250	43	0	43
RF04251	238	0	238
RF04252	4	0	4
RF04254	54	0	54
RF04255	13	0	13
RF04256	2	0	2
RF04257	331	0	331
RF04258	15	0	15
RF04259	3	0	3
RF04260	5	0	5
RF04261	220	3	217
RF04262	12	0	12
RF04263	862	0	862
RF04264	4	0	4
RF04265	13	0	13
RF04266	288	0	288
RF04267	48	0	48
RF04268	22	0	22
RF04269	13	0	13
RF04270	32	0	32
RF04271	127	0	127
RF04272	104	0	104
RF04273	8	0	8
RF04274	7790	0	7790
RF04275	33	0	33
RF04276	52	0	52
RF04277	41	0	41
RF04278	6	0	6
RF04279	6	0	6
RF04280	139	0	139
RF04281	9	0	9
RF04282	80	0	80
RF04283	16	0	16
RF04284	50	0	50
RF04285	42	0	42
RF04286	108	1	107
RF04287	189	0	189
RF04288	6	0	6
RF04289	60	0	60
RF04290	45	0	45
RF04291	221	0	221
RF04292	245	0	245
RF04293	33	0	33
RF04294	88	0	88
RF04295	175	0	175
RF04296	47	0	47
RF04297	34	0	34
RF04298	21	1	20
RF04299	51	0	51
RF04300	9	0	9
